time,acc_x,acc_y,acc_z,time,gyro_x,gyro_y,gyro_z
10,-4.704,6.562,4.604,10,0.174,-0.014,-0.04
20,-4.746,6.702,4.58,20,0.196,-0.03,-0.06
30,-4.856,6.792,4.564,30,0.22,-0.028,-0.092
40,-4.866,6.87,4.536,40,0.25,-0.004,-0.122
50,-4.9,6.968,4.534,50,0.274,-0.018,-0.148
60,-4.876,6.998,4.55,60,0.306,-0.036,-0.134
70,-4.674,7.008,4.59,70,0.302,-0.026,-0.05
80,-4.876,7.06,4.554,80,0.224,-0.006,0.004
90,-5.028,7.01,4.488,90,0.126,-0.018,-0.004
100,-4.824,7.204,4.508,100,0.05,-0.02,-0.028
110,-4.768,7.55,4.548,110,0.01,-0.018,-0.07
120,-4.93,7.604,4.53,120,-0.006,-0.02,-0.066
130,-4.928,7.484,4.438,130,-0.03,0.026,-0.072
140,-5.048,7.318,4.348,140,-0.038,0.04,-0.102
150,-5.102,7.086,4.258,150,0.002,0.024,-0.094
160,-4.752,7.168,4.35,160,0.062,0.034,-0.102
170,-4.858,7.132,4.21,170,0.12,0.03,-0.106
180,-4.976,6.9,4.09,180,0.178,0.036,-0.094
190,-4.992,6.748,4.072,190,0.214,0.036,-0.088
200,-5.066,6.816,4.094,200,0.204,0.014,-0.088
210,-5.026,6.816,4.04,210,0.174,0.006,-0.082
220,-5.054,6.866,4.114,220,0.134,0.01,-0.082
230,-5.162,7.144,4.19,230,0.102,0.002,-0.074
240,-5.156,7.388,4.2,240,0.084,-0.004,-0.068
250,-5.14,7.446,4.212,250,0.072,-0.01,-0.07
260,-5.152,7.362,4.164,260,0.078,-0.012,-0.072
270,-5.144,7.284,4.18,270,0.092,-0.018,-0.072
280,-5.068,7.258,4.218,280,0.108,-0.026,-0.074
290,-5.03,7.198,4.216,290,0.116,-0.032,-0.074
300,-5.03,7.126,4.154,300,0.11,-0.04,-0.074
310,-5.044,7.088,4.142,310,0.108,-0.052,-0.074
320,-5.064,7.134,4.218,320,0.12,-0.058,-0.076
330,-5.086,7.188,4.236,330,0.14,-0.058,-0.084
340,-5.108,7.218,4.23,340,0.166,-0.06,-0.086
350,-5.09,7.174,4.204,350,0.188,-0.062,-0.086
360,-5.09,7.112,4.172,360,0.2,-0.062,-0.086
370,-5.084,7.084,4.172,370,0.206,-0.058,-0.086
380,-5.084,7.13,4.078,380,0.218,-0.05,-0.084
390,-5.13,7.204,4.076,390,0.262,-0.038,-0.076
400,-5.128,7.242,4.096,400,0.328,-0.016,-0.068
410,-5.136,7.252,4.06,410,0.414,0.004,-0.064
420,-5.122,7.266,3.966,420,0.51,0.026,-0.054
430,-5.122,7.178,3.932,430,0.594,0.046,-0.034
440,-5.144,7.07,3.994,440,0.642,0.062,-0.014
450,-5.174,7.04,3.94,450,0.698,0.066,-0.008
460,-5.162,7.09,3.85,460,0.82,0.076,-0.018
470,-5.194,7.128,3.896,470,0.98,0.12,-0.012
480,-5.244,7.146,3.938,480,1.12,0.166,0.004
490,-5.246,7.118,3.874,490,1.23,0.19,0.018
500,-5.096,6.972,3.796,500,1.294,0.206,0.02
510,-4.952,6.846,3.764,510,1.318,0.22,0.01
520,-4.956,6.94,3.692,520,1.338,0.232,-0.004
530,-4.984,7.104,3.718,530,1.398,0.262,-0.022
540,-4.942,7.166,3.684,540,1.518,0.312,-0.024
550,-4.886,7.282,3.72,550,1.684,0.354,-0.018
560,-4.756,7.354,3.596,560,1.882,0.384,-0.02
570,-4.602,7.248,3.338,570,2.088,0.418,-0.034
580,-4.6,7.074,3.164,580,2.306,0.45,-0.048
590,-4.664,6.9,2.946,590,2.53,0.45,-0.05
600,-4.686,6.846,2.72,600,2.702,0.442,-0.038
610,-4.642,6.9,2.39,610,2.786,0.444,-0.028
620,-4.686,7.002,1.938,620,2.792,0.45,-0.04
630,-4.678,7.112,1.68,630,2.744,0.452,-0.082
640,-4.61,7.35,1.562,640,2.626,0.45,-0.142
650,-4.54,7.674,1.348,650,2.426,0.462,-0.214
660,-4.51,7.946,0.906,660,2.206,0.476,-0.254
670,-4.544,8.14,0.718,670,1.972,0.454,-0.256
680,-4.588,8.196,0.706,680,1.738,0.4,-0.292
690,-4.702,8.43,0.526,690,1.528,0.342,-0.36
700,-4.904,8.794,0.294,700,1.344,0.31,-0.412
710,-5.184,8.994,0.16,710,1.184,0.3,-0.446
720,-5.38,8.876,0.038,720,1.052,0.314,-0.476
730,-5.382,8.638,-0.116,730,0.944,0.328,-0.498
740,-5.336,8.464,-0.242,740,0.852,0.306,-0.524
750,-5.384,8.23,-0.438,750,0.758,0.246,-0.55
760,-5.542,8.096,-0.456,760,0.644,0.164,-0.574
770,-5.824,8.132,-0.362,770,0.516,0.084,-0.6
780,-6.1,8.222,-0.382,780,0.4,0.008,-0.62
790,-6.238,8.164,-0.302,790,0.284,-0.066,-0.654
800,-6.29,8.012,-0.1,800,0.2,-0.128,-0.712
810,-6.288,7.788,0.03,810,0.188,-0.17,-0.768
820,-6.272,7.528,0.246,820,0.272,-0.204,-0.818
830,-6.254,7.246,0.456,830,0.428,-0.234,-0.862
840,-6.196,6.894,0.486,840,0.632,-0.27,-0.906
850,-6.2,6.422,0.42,850,0.862,-0.304,-0.95
860,-6.284,5.952,0.28,860,1.06,-0.322,-0.988
870,-6.422,5.516,0.128,870,1.186,-0.352,-1.028
880,-6.618,5.266,-0.01,880,1.212,-0.412,-1.082
890,-6.774,5.28,-0.158,890,1.126,-0.502,-1.148
900,-7.002,5.578,-0.304,900,0.938,-0.604,-1.232
910,-7.33,6.04,-0.168,910,0.736,-0.698,-1.306
920,-7.688,6.534,0.074,920,0.556,-0.784,-1.37
930,-7.948,6.82,0.07,930,0.43,-0.86,-1.444
940,-7.99,6.852,-0.128,940,0.41,-0.914,-1.5
950,-8.024,6.556,-0.268,950,0.442,-0.94,-1.538
960,-8.162,6.176,-0.322,960,0.48,-0.944,-1.586
970,-8.28,6.002,-0.37,970,0.476,-0.948,-1.624
980,-8.394,5.87,-0.47,980,0.42,-0.954,-1.622
990,-8.59,5.74,-0.478,990,0.322,-0.988,-1.596
1000,-8.838,5.626,-0.4,1000,0.17,-1.054,-1.596
1010,-9.058,5.654,-0.388,1010,-0.01,-1.112,-1.618
1020,-9.306,5.908,-0.352,1020,-0.192,-1.146,-1.64
1030,-9.5,6.1,-0.284,1030,-0.344,-1.166,-1.668
1040,-9.524,6.164,-0.114,1040,-0.438,-1.18,-1.702
1050,-9.332,6.05,0.054,1050,-0.464,-1.194,-1.736
1060,-9.142,5.7,0.078,1060,-0.448,-1.214,-1.77
1070,-9.024,5.158,0.098,1070,-0.418,-1.232,-1.814
1080,-8.992,4.574,0.184,1080,-0.394,-1.254,-1.856
1090,-9.026,4.106,0.31,1090,-0.398,-1.294,-1.9
1100,-9.056,3.838,0.434,1100,-0.462,-1.33,-1.956
1110,-9.118,3.75,0.536,1110,-0.564,-1.362,-2.026
1120,-9.252,3.826,0.742,1120,-0.672,-1.398,-2.086
1130,-9.424,3.946,0.912,1130,-0.772,-1.43,-2.13
1140,-9.592,3.972,0.888,1140,-0.866,-1.444,-2.166
1150,-9.718,3.884,0.842,1150,-0.952,-1.438,-2.208
1160,-9.81,3.77,0.808,1160,-1.034,-1.416,-2.238
1170,-9.846,3.7,0.826,1170,-1.112,-1.39,-2.258
1180,-9.868,3.688,0.826,1180,-1.17,-1.352,-2.274
1190,-9.926,3.702,0.916,1190,-1.182,-1.312,-2.272
1200,-10.052,3.658,1.002,1200,-1.168,-1.276,-2.246
1210,-10.196,3.414,0.988,1210,-1.148,-1.228,-2.204
1220,-10.38,3.162,0.97,1220,-1.134,-1.17,-2.154
1230,-10.536,2.922,1.02,1230,-1.148,-1.11,-2.1
1240,-10.576,2.732,1.076,1240,-1.198,-1.046,-2.042
1250,-10.544,2.674,1.132,1250,-1.26,-0.984,-1.968
1260,-10.492,2.696,1.244,1260,-1.342,-0.916,-1.89
1270,-10.44,2.754,1.362,1270,-1.43,-0.844,-1.816
1280,-10.276,2.882,1.452,1280,-1.502,-0.79,-1.732
1290,-10.084,3.022,1.642,1290,-1.5,-0.744,-1.626
1300,-9.972,3.04,1.782,1300,-1.416,-0.69,-1.494
1310,-9.964,2.818,1.84,1310,-1.278,-0.626,-1.366
1320,-9.896,2.412,1.886,1320,-1.098,-0.564,-1.238
1330,-9.756,2.014,2.048,1330,-0.906,-0.514,-1.092
1340,-9.65,1.594,2.196,1340,-0.73,-0.466,-0.932
1350,-9.616,1.246,2.226,1350,-0.59,-0.402,-0.774
1360,-9.508,1.028,2.248,1360,-0.488,-0.344,-0.616
1370,-9.27,0.996,2.316,1370,-0.408,-0.3,-0.47
1380,-9.04,1.16,2.354,1380,-0.31,-0.262,-0.35
1390,-8.86,1.29,2.43,1390,-0.186,-0.232,-0.258
1400,-8.808,1.24,2.432,1400,-0.058,-0.216,-0.196
1410,-8.752,1.042,2.466,1410,0.046,-0.208,-0.162
1420,-8.71,0.744,2.51,1420,0.122,-0.204,-0.14
1430,-8.664,0.416,2.5,1430,0.15,-0.196,-0.118
1440,-8.526,0.238,2.45,1440,0.124,-0.184,-0.102
1450,-8.342,0.294,2.424,1450,0.07,-0.168,-0.082
1460,-8.206,0.522,2.418,1460,0.022,-0.152,-0.044
1470,-8.186,0.796,2.384,1470,0,-0.128,0
1480,-8.366,0.984,2.288,1480,0.008,-0.084,0.038
1490,-8.496,0.918,2.106,1490,0.024,-0.03,0.072
1500,-8.62,0.786,2.11,1500,0.028,0.014,0.106
1510,-8.708,0.656,2.184,1510,0.024,0.054,0.152
1520,-8.774,0.578,2.244,1520,0.022,0.092,0.208
1530,-8.86,0.52,2.382,1530,0.034,0.142,0.264
1540,-8.912,0.52,2.606,1540,0.066,0.2,0.304
1550,-8.756,0.516,2.764,1550,0.102,0.25,0.32
1560,-8.536,0.458,2.83,1560,0.122,0.286,0.328
1570,-8.34,0.346,2.94,1570,0.126,0.312,0.342
1580,-8.29,0.216,3.126,1580,0.094,0.332,0.362
1590,-8.352,0.136,3.26,1590,0.038,0.346,0.376
1600,-8.474,0.294,3.476,1600,-0.022,0.346,0.38
1610,-8.678,0.526,3.756,1610,-0.07,0.338,0.38
1620,-8.86,0.718,3.974,1620,-0.09,0.334,0.376
1630,-9.07,0.7,4.182,1630,-0.082,0.336,0.372
1640,-9.258,0.55,4.33,1640,-0.078,0.34,0.382
1650,-9.396,0.356,4.432,1650,-0.118,0.34,0.386
1660,-9.48,0.264,4.482,1660,-0.166,0.322,0.386
1670,-9.608,0.344,4.616,1670,-0.198,0.298,0.384
1680,-9.766,0.456,4.748,1680,-0.208,0.268,0.38
1690,-9.968,0.5,4.92,1690,-0.202,0.234,0.374
1700,-10.096,0.486,5.056,1700,-0.188,0.192,0.362
1710,-10.11,0.398,5.126,1710,-0.16,0.154,0.354
1720,-10.062,0.334,5.152,1720,-0.144,0.124,0.35
1730,-9.96,0.234,5.17,1730,-0.16,0.094,0.344
1740,-9.778,0.246,5.064,1740,-0.19,0.06,0.332
1750,-9.608,0.342,4.982,1750,-0.21,0.028,0.332
1760,-9.456,0.45,4.928,1760,-0.23,0,0.332
1770,-9.28,0.504,4.83,1770,-0.248,-0.022,0.33
1780,-9.054,0.604,4.766,1780,-0.266,-0.05,0.332
1790,-8.796,0.718,4.626,1790,-0.27,-0.076,0.33
1800,-8.546,0.76,4.414,1800,-0.238,-0.094,0.328
1810,-8.378,0.726,4.29,1810,-0.186,-0.106,0.328
1820,-8.278,0.53,4.232,1820,-0.136,-0.114,0.316
1830,-8.202,0.348,4.028,1830,-0.11,-0.1,0.29
1840,-8.086,0.23,3.698,1840,-0.124,-0.066,0.274
1850,-8.024,0.246,3.534,1850,-0.156,-0.032,0.262
1860,-7.902,0.374,3.458,1860,-0.2,-0.006,0.25
1870,-7.764,0.538,3.338,1870,-0.246,0.02,0.234
1880,-7.75,0.734,3.146,1880,-0.282,0.05,0.222
1890,-7.84,0.86,2.978,1890,-0.32,0.076,0.22
1900,-8.01,0.956,2.898,1900,-0.362,0.11,0.216
1910,-8.228,1.036,2.88,1910,-0.402,0.156,0.202
1920,-8.46,1.084,2.844,1920,-0.424,0.198,0.192
1930,-8.644,1.126,2.824,1930,-0.436,0.23,0.182
1940,-8.714,1.078,2.746,1940,-0.418,0.252,0.182
1950,-8.776,1.036,2.77,1950,-0.382,0.262,0.192
1960,-8.886,0.982,2.894,1960,-0.346,0.25,0.19
1970,-9.03,0.896,3.048,1970,-0.306,0.248,0.2
1980,-9.116,0.836,3.14,1980,-0.248,0.258,0.222
1990,-9.156,0.87,3.3,1990,-0.182,0.282,0.234
2000,-9.068,0.882,3.546,2000,-0.084,0.304,0.25
2010,-8.928,0.84,3.734,2010,0.03,0.314,0.298
2020,-8.876,0.594,3.676,2020,0.1,0.302,0.34
2030,-8.812,0.374,3.682,2030,0.11,0.282,0.372
2040,-8.824,0.486,3.784,2040,0.08,0.252,0.428
2050,-9.002,0.724,3.828,2050,0.012,0.232,0.48
2060,-9.128,0.978,3.954,2060,-0.056,0.224,0.516
2070,-9.178,1.13,4.016,2070,-0.096,0.218,0.546
2080,-9.166,1.146,4.02,2080,-0.136,0.202,0.562
2090,-9.13,1.002,4.02,2090,-0.186,0.2,0.572
2100,-9.2,0.912,4.132,2100,-0.222,0.196,0.604
2110,-9.38,0.878,4.144,2110,-0.248,0.176,0.662
2120,-9.428,0.812,4.128,2120,-0.254,0.166,0.708
2130,-9.486,0.72,3.944,2130,-0.242,0.168,0.732
2140,-9.658,0.64,3.818,2140,-0.204,0.172,0.77
2150,-9.79,0.622,3.752,2150,-0.14,0.186,0.81
2160,-9.89,0.636,3.744,2160,-0.072,0.21,0.838
2170,-9.914,0.588,3.692,2170,-0.014,0.242,0.862
2180,-9.894,0.568,3.622,2180,0.02,0.256,0.884
2190,-9.852,0.64,3.57,2190,0.04,0.246,0.89
2200,-9.774,0.688,3.524,2200,0.052,0.214,0.882
2210,-9.86,0.784,3.834,2210,0.072,0.2,0.844
2220,-10.016,1.054,4.122,2220,0.162,0.198,0.796
2230,-10.054,1.164,4.162,2230,0.318,0.218,0.768
2240,-9.978,1.036,3.824,2240,0.42,0.234,0.736
2250,-9.968,0.834,3.432,2250,0.402,0.216,0.692
2260,-10.064,0.794,2.96,2260,0.304,0.162,0.644
2270,-10.406,1.206,2.93,2270,0.182,0.132,0.612
2280,-10.834,1.94,3.126,2280,0.078,0.108,0.594
2290,-10.976,2.334,3.046,2290,-0.092,0.082,0.558
2300,-10.69,2.352,2.66,2300,-0.332,0.102,0.474
2310,-10.124,2.19,2.462,2310,-0.504,0.15,0.334
2320,-9.41,2.26,2.44,2320,-0.51,0.166,0.254
2330,-8.542,2.302,2.354,2330,-0.368,0.172,0.216
2340,-7.754,1.692,1.754,2340,-0.166,0.15,0.148
2350,-7.316,0.778,1.588,2350,0.054,0.108,0.076
2360,-7.046,0.37,1.732,2360,0.288,0.072,-0.018
2370,-7.234,0.438,2.006,2370,0.54,0.054,-0.128
2380,-7.492,0.76,1.996,2380,0.794,0.04,-0.232
2390,-7.606,0.706,1.84,2390,0.94,0.006,-0.332
2400,-7.622,0.484,1.736,2400,0.782,-0.06,-0.47
2410,-7.678,0.402,1.65,2410,0.294,-0.112,-0.596
2420,-7.926,0.724,1.772,2420,-0.304,-0.112,-0.664
2430,-8.498,1.582,2.572,2430,-0.772,-0.132,-0.774
2440,-9.086,3.202,2.954,2440,-0.882,-0.14,-0.908
2450,-9.27,4.88,2.206,2450,-0.698,-0.134,-0.97
2460,-9.508,4.736,1.86,2460,-0.438,-0.106,-1
2470,-9.862,3.028,2.15,2470,-0.22,-0.078,-1.038
2480,-10.15,1.48,1.884,2480,-0.092,-0.054,-1.094
2490,-10.574,0.992,1.48,2490,-0.006,-0.026,-1.15
2500,-11.028,1.162,0.998,2500,0.104,-0.01,-1.17
2510,-11.34,1.368,0.836,2510,0.242,-0.008,-1.176
2520,-11.522,1.424,0.942,2520,0.412,-0.016,-1.196
2530,-11.71,1.43,1.054,2530,0.614,-0.008,-1.182
2540,-11.862,1.352,1.19,2540,0.894,0.002,-1.128
2550,-11.894,1.2,1.162,2550,1.144,-0.012,-1.096
2560,-11.74,0.784,1.242,2560,1.262,-0.02,-1.098
2570,-11.52,0.502,1.158,2570,1.24,0,-1.1
2580,-11.35,0.614,1.064,2580,1.116,0.014,-1.086
2590,-11.028,1.042,1.156,2590,0.91,0,-1.05
2600,-10.666,1.484,1.2,2600,0.638,-0.04,-1.016
2610,-10.44,2.014,1.292,2610,0.352,-0.06,-0.984
2620,-10.406,2.584,1.424,2620,0.128,-0.066,-0.944
2630,-10.324,2.886,1.55,2630,-0.03,-0.078,-0.894
2640,-10.058,2.88,1.672,2640,-0.14,-0.086,-0.854
2650,-9.712,2.654,1.732,2650,-0.192,-0.086,-0.812
2660,-9.418,2.19,1.654,2660,-0.2,-0.098,-0.772
2670,-9.128,1.64,1.61,2670,-0.172,-0.12,-0.748
2680,-8.856,1.168,1.618,2680,-0.12,-0.138,-0.748
2690,-8.632,0.784,1.576,2690,-0.044,-0.15,-0.752
2700,-8.456,0.494,1.544,2700,0.054,-0.174,-0.738
2710,-8.352,0.22,1.574,2710,0.192,-0.198,-0.708
2720,-8.32,-0.08,1.562,2720,0.342,-0.21,-0.682
2730,-8.368,-0.412,1.326,2730,0.452,-0.228,-0.662
2740,-8.418,-0.674,1.092,2740,0.514,-0.254,-0.634
2750,-8.502,-0.688,0.968,2750,0.536,-0.272,-0.602
2760,-8.642,-0.544,0.918,2760,0.53,-0.266,-0.57
2770,-8.754,-0.336,0.872,2770,0.516,-0.25,-0.546
2780,-8.79,-0.122,0.852,2780,0.524,-0.246,-0.528
2790,-8.826,0.04,0.834,2790,0.582,-0.252,-0.512
2800,-8.924,0.102,0.762,2800,0.676,-0.262,-0.48
2810,-9.162,-0.03,0.804,2810,0.78,-0.278,-0.45
2820,-9.492,-0.216,0.86,2820,0.888,-0.288,-0.416
2830,-9.804,-0.38,0.882,2830,0.994,-0.284,-0.384
2840,-10.098,-0.488,0.79,2840,1.11,-0.284,-0.352
2850,-10.232,-0.584,0.704,2850,1.222,-0.282,-0.316
2860,-10.252,-0.682,0.664,2860,1.31,-0.262,-0.28
2870,-10.23,-0.702,0.75,2870,1.36,-0.236,-0.236
2880,-10.16,-0.67,0.688,2880,1.38,-0.216,-0.206
2890,-10.022,-0.644,0.77,2890,1.394,-0.21,-0.184
2900,-10.026,-0.596,0.878,2900,1.408,-0.206,-0.142
2910,-10.084,-0.592,0.962,2910,1.4,-0.178,-0.096
2920,-10.096,-0.702,1.008,2920,1.412,-0.13,-0.074
2930,-9.922,-0.78,1.148,2930,1.408,-0.062,-0.058
2940,-9.554,-0.926,1.162,2940,1.334,-0.014,-0.058
2950,-9.098,-0.948,1.04,2950,1.234,0.022,-0.094
2960,-8.71,-0.752,1.31,2960,1.156,0.06,-0.122
2970,-8.608,-0.6,1.49,2970,1.118,0.09,-0.142
2980,-8.668,-0.62,1.61,2980,1.116,0.11,-0.172
2990,-8.742,-0.792,1.672,2990,1.124,0.122,-0.21
3000,-8.906,-0.946,1.674,3000,1.126,0.12,-0.246
3010,-9.148,-1.022,1.612,3010,1.112,0.11,-0.272
3020,-9.414,-1.072,1.566,3020,1.072,0.104,-0.282
3030,-9.634,-0.998,1.542,3030,0.984,0.112,-0.28
3040,-9.772,-0.852,1.586,3040,0.864,0.128,-0.274
3050,-9.75,-0.602,1.568,3050,0.74,0.152,-0.276
3060,-9.596,-0.246,1.562,3060,0.65,0.18,-0.282
3070,-9.416,0.094,1.594,3070,0.616,0.216,-0.286
3080,-9.232,0.252,1.634,3080,0.61,0.258,-0.296
3090,-9.076,0.152,1.646,3090,0.604,0.288,-0.31
3100,-8.934,-0.066,1.654,3100,0.6,0.29,-0.32
3110,-8.856,-0.188,1.618,3110,0.586,0.282,-0.312
3120,-8.876,-0.216,1.756,3120,0.54,0.268,-0.318
3130,-8.964,-0.126,1.942,3130,0.474,0.252,-0.354
3140,-9.022,0.068,2.076,3140,0.428,0.232,-0.39
3150,-9.056,0.302,2.248,3150,0.4,0.206,-0.4
3160,-9.07,0.368,2.478,3160,0.388,0.18,-0.402
3170,-9.052,0.426,2.662,3170,0.39,0.158,-0.402
3180,-8.918,0.412,2.694,3180,0.41,0.148,-0.392
3190,-8.754,0.338,2.676,3190,0.446,0.15,-0.37
3200,-8.546,0.286,2.7,3200,0.474,0.162,-0.352
3210,-8.254,0.204,2.674,3210,0.466,0.188,-0.34
3220,-7.916,0.222,2.662,3220,0.416,0.218,-0.332
3230,-7.648,0.338,2.734,3230,0.344,0.234,-0.324
3240,-7.544,0.526,2.748,3240,0.276,0.238,-0.304
3250,-7.57,0.73,2.814,3250,0.18,0.23,-0.274
3260,-7.892,0.824,2.878,3260,0.046,0.216,-0.248
3270,-8.31,0.956,2.96,3270,-0.082,0.204,-0.212
3280,-8.742,1.116,3.14,3280,-0.178,0.21,-0.156
3290,-9.122,1.318,3.304,3290,-0.222,0.236,-0.104
3300,-9.388,1.412,3.386,3300,-0.24,0.296,-0.088
3310,-9.544,1.424,3.414,3310,-0.248,0.376,-0.102
3320,-9.766,1.368,3.304,3320,-0.3,0.45,-0.154
3330,-10.25,1.268,3.304,3330,-0.412,0.492,-0.246
3340,-11.01,1.21,3.506,3340,-0.548,0.454,-0.344
3350,-12.114,1.38,3.746,3350,-0.698,0.324,-0.43
3360,-13.576,1.746,4.246,3360,-0.804,0.138,-0.48
3370,-15.218,2.104,4.634,3370,-0.85,-0.04,-0.504
3380,-16.52,2.184,4.622,3380,-0.784,-0.186,-0.52
3390,-17.026,2.108,4.582,3390,-0.588,-0.28,-0.52
3400,-16.466,1.794,4.696,3400,-0.344,-0.338,-0.482
3410,-14.922,1.334,4.754,3410,-0.138,-0.386,-0.396
3420,-12.928,1.138,4.742,3420,-0.002,-0.408,-0.266
3430,-11.016,1.23,4.708,3430,0.04,-0.41,-0.106
3440,-9.292,1.504,4.686,3440,-0.012,-0.412,0.056
3450,-7.732,1.938,4.636,3450,-0.142,-0.404,0.198
3460,-6.488,2.482,4.594,3460,-0.298,-0.38,0.316
3470,-5.546,2.938,4.544,3470,-0.428,-0.34,0.408
3480,-4.918,3.274,4.436,3480,-0.504,-0.302,0.478
3490,-4.688,3.316,4.234,3490,-0.532,-0.294,0.546
3500,-4.828,3.052,3.886,3500,-0.544,-0.318,0.606
3510,-5.36,2.586,3.496,3510,-0.552,-0.354,0.646
3520,-6.232,2.122,3.038,3520,-0.594,-0.38,0.68
3530,-7.212,1.806,2.722,3530,-0.66,-0.384,0.706
3540,-7.996,1.636,2.51,3540,-0.716,-0.376,0.722
3550,-8.512,1.558,2.34,3550,-0.736,-0.372,0.736
3560,-8.854,1.496,2.204,3560,-0.712,-0.378,0.75
3570,-9.21,1.35,2.202,3570,-0.614,-0.372,0.762
3580,-9.726,1.084,2.086,3580,-0.418,-0.344,0.78
3590,-10.23,0.62,1.762,3590,-0.184,-0.296,0.784
3600,-10.584,0.024,1.588,3600,-0.018,-0.228,0.776
3610,-10.762,-0.512,1.41,3610,0.044,-0.142,0.776
3620,-10.88,-0.648,1.406,3620,0.018,-0.068,0.752
3630,-10.87,-0.494,1.432,3630,-0.044,0.02,0.71
3640,-10.778,-0.198,1.514,3640,-0.116,0.124,0.67
3650,-10.84,0.156,1.692,3650,-0.194,0.204,0.638
3660,-10.866,0.472,1.782,3660,-0.296,0.242,0.604
3670,-10.936,0.654,2.024,3670,-0.416,0.234,0.588
3680,-11.294,0.826,2.2,3680,-0.528,0.208,0.584
3690,-11.678,0.982,2.28,3690,-0.642,0.194,0.562
3700,-11.812,1.036,2.414,3700,-0.762,0.214,0.528
3710,-11.436,1.082,2.552,3710,-0.86,0.246,0.512
3720,-10.658,1.168,2.748,3720,-0.914,0.272,0.514
3730,-9.716,1.228,2.826,3730,-0.934,0.302,0.508
3740,-8.822,1.21,2.752,3740,-0.938,0.338,0.486
3750,-8.156,1.168,2.694,3750,-0.946,0.368,0.484
3760,-7.79,1.076,2.686,3760,-0.992,0.384,0.492
3770,-7.514,1.03,2.648,3770,-1.096,0.408,0.46
3780,-7.356,1.1,2.648,3780,-1.21,0.42,0.42
3790,-7.364,1.358,2.706,3790,-1.308,0.386,0.416
3800,-7.59,1.594,2.764,3800,-1.404,0.332,0.422
3810,-8.006,1.684,2.802,3810,-1.466,0.284,0.418
3820,-8.604,1.83,2.832,3820,-1.488,0.23,0.428
3830,-9.152,1.898,2.8,3830,-1.498,0.19,0.42
3840,-9.468,1.81,2.798,3840,-1.51,0.176,0.372
3850,-9.614,1.672,2.8,3850,-1.512,0.172,0.32
3860,-9.662,1.616,2.876,3860,-1.494,0.18,0.284
3870,-9.658,1.616,2.844,3870,-1.464,0.174,0.244
3880,-9.658,1.6,2.806,3880,-1.44,0.146,0.218
3890,-9.716,1.584,2.788,3890,-1.424,0.078,0.218
3900,-10.052,1.584,2.632,3900,-1.432,0,0.224
3910,-10.484,1.556,2.508,3910,-1.44,-0.046,0.244
3920,-10.876,1.604,2.626,3920,-1.458,-0.07,0.298
3930,-11.062,1.818,2.726,3930,-1.496,-0.092,0.36
3940,-10.842,2.09,2.884,3940,-1.522,-0.108,0.406
3950,-10.436,2.3,2.978,3950,-1.54,-0.112,0.448
3960,-10.058,2.378,3.14,3960,-1.574,-0.144,0.506
3970,-9.73,2.51,3.192,3970,-1.636,-0.22,0.578
3980,-9.602,2.568,3.166,3980,-1.71,-0.306,0.648
3990,-9.768,2.618,3.146,3990,-1.736,-0.39,0.736
4000,-9.892,2.75,3.022,4000,-1.666,-0.484,0.838
4010,-9.736,2.786,3.04,4010,-1.506,-0.572,0.928
4020,-9.572,2.616,3.064,4020,-1.282,-0.646,1.008
4030,-9.614,2.316,2.9,4030,-1,-0.688,1.11
4040,-9.764,1.89,2.62,4040,-0.676,-0.678,1.226
4050,-9.818,1.356,2.3,4050,-0.344,-0.68,1.346
4060,-9.798,0.87,2.084,4060,-0.082,-0.692,1.456
4070,-9.736,0.63,1.784,4070,0.096,-0.672,1.57
4080,-9.924,0.554,1.302,4080,0.24,-0.634,1.7
4090,-10.186,0.642,1.126,4090,0.372,-0.588,1.822
4100,-10.168,0.798,1.086,4100,0.5,-0.526,1.926
4110,-9.984,0.93,0.914,4110,0.634,-0.45,2.028
4120,-9.916,0.902,0.81,4120,0.782,-0.362,2.158
4130,-9.996,0.796,0.882,4130,0.93,-0.256,2.294
4140,-10.102,0.64,1.028,4140,1.006,-0.14,2.406
4150,-10.156,0.514,1.22,4150,1.006,-0.026,2.488
4160,-10.102,0.584,1.048,4160,0.958,0.034,2.572
4170,-9.928,0.9,0.924,4170,0.812,0.05,2.646
4180,-9.738,1.052,0.942,4180,0.562,0.068,2.696
4190,-9.948,1.11,1.41,4190,0.334,0.074,2.742
4200,-10.228,1.512,1.954,4200,0.248,0.068,2.772
4210,-10.176,2.052,2.218,4210,0.302,0.06,2.762
4220,-10.048,2.334,2.428,4220,0.462,0.056,2.742
4230,-10.058,2.058,2.654,4230,0.65,0.062,2.722
4240,-10.242,1.358,2.898,4240,0.828,0.082,2.728
4250,-10.408,0.692,2.836,4250,0.952,0.1,2.746
4260,-10.458,0.294,2.784,4260,0.976,0.11,2.74
4270,-10.344,0.402,2.99,4270,0.884,0.106,2.688
4280,-10.162,1.182,3.246,4280,0.706,0.098,2.614
4290,-10.118,2.376,3.608,4290,0.496,0.072,2.534
4300,-10.18,3.388,4.126,4300,0.272,0.032,2.46
4310,-10.158,3.986,4.544,4310,0.086,-0.008,2.406
4320,-10.156,4.386,4.752,4320,-0.006,-0.068,2.376
4330,-10.266,4.844,4.818,4330,0,-0.154,2.352
4340,-10.206,5.282,4.972,4340,0.068,-0.24,2.332
4350,-10.166,5.474,5.268,4350,0.156,-0.322,2.314
4360,-10.118,5.46,5.574,4360,0.15,-0.418,2.29
4370,-9.97,5.366,5.988,4370,0.022,-0.516,2.27
4380,-9.76,5.676,6.374,4380,-0.154,-0.61,2.258
4390,-9.456,6.25,6.728,4390,-0.362,-0.702,2.252
4400,-9.064,6.774,7.024,4400,-0.564,-0.83,2.224
4410,-8.702,7.376,7.202,4410,-0.694,-0.948,2.178
4420,-8.394,7.81,7.118,4420,-0.672,-1.05,2.14
4430,-8.236,7.898,7.434,4430,-0.608,-1.184,2.112
4440,-7.92,7.6,7.738,4440,-0.576,-1.356,2.02
4450,-7.62,7.03,7.566,4450,-0.562,-1.462,1.904
4460,-7.44,6.422,7.694,4460,-0.544,-1.516,1.836
4470,-7.214,6.056,7.77,4470,-0.596,-1.592,1.754
4480,-6.704,6.094,7.342,4480,-0.738,-1.704,1.602
4490,-6.134,6.376,6.522,4490,-0.88,-1.81,1.414
4500,-5.94,6.954,6.726,4500,-0.886,-1.902,1.27
4510,-6.064,7.568,7.148,4510,-0.794,-1.99,1.18
4520,-6.02,7.418,6.956,4520,-0.718,-2.076,1.07
4530,-5.634,6.858,6.434,4530,-0.662,-2.19,0.946
4540,-5.302,6.366,6.324,4540,-0.63,-2.306,0.842
4550,-5.25,6.26,6.49,4550,-0.658,-2.372,0.77
4560,-5.302,6.184,6.65,4560,-0.844,-2.394,0.706
4570,-5.214,6.086,6.69,4570,-1.13,-2.386,0.614
4580,-4.798,6.232,6.008,4580,-1.34,-2.386,0.518
4590,-4.2,6.488,5.214,4590,-1.424,-2.396,0.452
4600,-3.59,6.66,5.072,4600,-1.458,-2.382,0.378
4610,-3.318,6.882,5.872,4610,-1.472,-2.34,0.294
4620,-3.524,7.234,6.264,4620,-1.464,-2.282,0.232
4630,-3.67,7.404,5.892,4630,-1.43,-2.216,0.16
4640,-3.622,7.288,5.352,4640,-1.452,-2.176,0.084
4650,-3.318,6.908,5.024,4650,-1.576,-2.204,0.05
4660,-3.074,6.65,5.092,4660,-1.728,-2.224,0.11
4670,-3.044,6.628,5.162,4670,-1.954,-2.208,0.172
4680,-3.122,7.264,5.19,4680,-2.08,-2.154,0.184
4690,-2.968,8.796,5.228,4690,-1.964,-2.144,0.188
4700,-2.854,9.514,5.218,4700,-1.726,-2.17,0.194
4710,-2.372,8.61,5.134,4710,-1.534,-2.2,0.158
4720,-2.224,6.972,5.046,4720,-1.474,-2.238,0.08
4730,-2.314,6.098,5.066,4730,-1.518,-2.244,-0.01
4740,-2.392,6.294,5.072,4740,-1.664,-2.258,-0.154
4750,-2.298,6.79,4.934,4750,-1.868,-2.262,-0.338
4760,-1.964,7.634,4.864,4760,-2.018,-2.216,-0.514
4770,-1.896,8.594,4.888,4770,-2.076,-2.156,-0.648
4780,-1.956,9.08,5.158,4780,-2.126,-2.09,-0.746
4790,-1.896,9.064,5.674,4790,-2.148,-1.954,-0.776
4800,-1.98,9.14,5.978,4800,-2.164,-1.768,-0.732
4810,-2.012,9.248,5.472,4810,-2.198,-1.64,-0.692
4820,-1.496,9.444,4.648,4820,-2.192,-1.558,-0.678
4830,-0.764,9.938,4.622,4830,-2.072,-1.48,-0.626
4840,-0.52,10.458,5.062,4840,-1.888,-1.41,-0.546
4850,-0.324,10.29,5.264,4850,-1.712,-1.356,-0.49
4860,0.14,9.662,4.984,4860,-1.562,-1.34,-0.426
4870,0.712,9.19,5.128,4870,-1.482,-1.348,-0.332
4880,1.142,9.064,5.552,4880,-1.442,-1.368,-0.23
4890,1.362,8.888,5.818,4890,-1.412,-1.388,-0.136
4900,1.588,8.668,6.022,4900,-1.404,-1.394,-0.052
4910,1.77,8.48,6.274,4910,-1.358,-1.416,0.022
4920,1.994,8.3,6.504,4920,-1.3,-1.426,0.112
4930,2.262,7.964,6.718,4930,-1.26,-1.412,0.176
4940,2.414,7.452,6.778,4940,-1.2,-1.406,0.218
4950,2.538,6.84,6.884,4950,-1.146,-1.4,0.262
4960,2.814,6.212,6.984,4960,-1.084,-1.396,0.294
4970,2.87,5.894,6.932,4970,-1.006,-1.392,0.3
4980,2.916,5.588,6.926,4980,-0.95,-1.368,0.314
4990,2.94,5.202,7.036,4990,-0.91,-1.338,0.332
5000,3.006,4.948,6.918,5000,-0.898,-1.322,0.328
5010,3.186,4.872,6.812,5010,-0.9,-1.308,0.306
5020,3.402,4.814,6.84,5020,-0.87,-1.308,0.272
5030,3.416,4.77,7.094,5030,-0.862,-1.316,0.23
5040,3.328,4.518,7.338,5040,-0.876,-1.27,0.18
5050,3.148,4.162,7.298,5050,-0.908,-1.24,0.132
5060,3.064,4.022,7.164,5060,-0.984,-1.254,0.068
5070,3.058,3.932,7.078,5070,-1.014,-1.268,0.01
5080,2.808,3.944,7.454,5080,-0.99,-1.28,-0.016
5090,2.432,3.858,7.734,5090,-0.958,-1.258,-0.056
5100,2.318,3.554,7.386,5100,-0.918,-1.19,-0.082
5110,2.478,3.1,6.998,5110,-0.882,-1.134,-0.08
5120,2.812,2.864,6.586,5120,-0.886,-1.084,-0.11
5130,3.248,2.718,6.324,5130,-0.874,-1.066,-0.16
5140,3.52,2.468,6.474,5140,-0.818,-1.066,-0.178
5150,3.506,2.35,6.984,5150,-0.792,-1.038,-0.192
5160,3.378,2.202,6.95,5160,-0.752,-0.982,-0.214
5170,3.558,2.036,6.734,5170,-0.672,-0.908,-0.23
5180,4.048,1.85,6.262,5180,-0.574,-0.824,-0.244
5190,4.654,1.58,5.636,5190,-0.47,-0.774,-0.254
5200,5.194,1.364,5.382,5200,-0.382,-0.732,-0.258
5210,5.458,1.332,5.27,5210,-0.338,-0.708,-0.274
5220,5.398,1.3,5.012,5220,-0.306,-0.662,-0.282
5230,5.268,1.182,5.058,5230,-0.25,-0.614,-0.264
5240,5.164,1.28,5.198,5240,-0.21,-0.566,-0.248
5250,5.352,1.454,5.08,5250,-0.154,-0.522,-0.246
5260,5.582,1.61,5.062,5260,-0.02,-0.478,-0.236
5270,5.906,1.676,5.016,5270,0.124,-0.432,-0.222
5280,6.286,1.556,5.128,5280,0.25,-0.396,-0.208
5290,6.562,1.336,4.878,5290,0.34,-0.394,-0.208
5300,6.838,1.15,4.69,5300,0.386,-0.38,-0.23
5310,7.032,1.028,4.678,5310,0.46,-0.348,-0.24
5320,7.06,1.088,4.884,5320,0.57,-0.316,-0.232
5330,7.232,1.324,5.016,5330,0.684,-0.292,-0.222
5340,7.486,1.652,4.992,5340,0.754,-0.3,-0.2
5350,7.562,1.666,5.248,5350,0.758,-0.304,-0.174
5360,7.374,1.49,5.876,5360,0.686,-0.26,-0.148
5370,7.088,1.436,6.14,5370,0.524,-0.214,-0.148
5380,7.01,1.6,5.77,5380,0.35,-0.184,-0.17
5390,7.342,1.956,5.358,5390,0.25,-0.134,-0.164
5400,7.592,2.444,5.516,5400,0.18,-0.08,-0.136
5410,7.574,2.83,5.9,5410,0.106,-0.072,-0.104
5420,7.496,2.572,6.524,5420,0.16,-0.038,-0.046
5430,7.326,1.912,7.138,5430,0.3,0.046,0.002
5440,7.16,1.578,7.37,5440,0.392,0.142,0.022
5450,7.494,1.556,6.674,5450,0.422,0.202,0.046
5460,8.078,1.374,6.47,5460,0.468,0.234,0.076
5470,8.238,1.208,7.12,5470,0.49,0.252,0.116
5480,7.966,1.378,7.426,5480,0.474,0.29,0.142
5490,7.682,1.556,7.212,5490,0.45,0.334,0.152
5500,7.534,1.656,7.26,5500,0.402,0.368,0.144
5510,7.54,1.778,7.508,5510,0.358,0.384,0.138
5520,7.382,1.804,7.598,5520,0.344,0.412,0.142
5530,7.094,1.802,7.526,5530,0.372,0.42,0.17
5540,6.784,1.894,7.57,5540,0.394,0.394,0.17
5550,6.398,2.114,7.658,5550,0.422,0.372,0.13
5560,5.914,2.396,7.75,5560,0.462,0.348,0.074
5570,5.152,2.606,7.882,5570,0.47,0.32,-0.008
5580,4.446,2.842,7.684,5580,0.432,0.284,-0.11
5590,3.87,3.176,7.47,5590,0.396,0.238,-0.208
5600,3.304,3.822,7.364,5600,0.414,0.196,-0.258
5610,2.85,4.452,7.236,5610,0.47,0.176,-0.27
5620,2.51,4.788,7.348,5620,0.55,0.168,-0.274
5630,2.516,4.906,7.412,5630,0.604,0.17,-0.292
5640,2.956,4.714,7.572,5640,0.55,0.24,-0.282
5650,3.572,4.482,7.992,5650,0.35,0.324,-0.282
5660,4.078,4.598,8.226,5660,0.088,0.356,-0.286
5670,4.538,5.372,8.292,5670,-0.156,0.35,-0.298
5680,4.792,6.402,8.47,5680,-0.312,0.306,-0.31
5690,4.812,7.116,8.602,5690,-0.358,0.248,-0.308
5700,4.808,7.224,9.09,5700,-0.334,0.176,-0.3
5710,4.724,6.982,9.222,5710,-0.252,0.086,-0.278
5720,4.746,6.594,9.186,5720,-0.156,0,-0.222
5730,4.878,6.182,9.274,5730,-0.136,-0.098,-0.172
5740,4.946,5.87,9.134,5740,-0.196,-0.22,-0.15
5750,5.018,5.946,9.222,5750,-0.332,-0.35,-0.12
5760,4.966,6.244,9.498,5760,-0.574,-0.484,-0.108
5770,4.658,6.382,9.628,5770,-0.808,-0.582,-0.102
5780,4.48,6.548,9.556,5780,-0.93,-0.644,-0.05
5790,4.46,6.712,9.276,5790,-0.978,-0.732,-0.01
5800,4.582,6.65,8.73,5800,-0.982,-0.828,0.004
5810,4.746,6.392,8.068,5810,-0.97,-0.902,0.04
5820,4.784,6.128,7.698,5820,-0.988,-0.976,0.068
5830,4.914,5.94,7.224,5830,-0.998,-1.028,0.07
5840,5.272,5.782,6.714,5840,-0.988,-1.048,0.094
5850,5.55,5.692,6.682,5850,-0.996,-1.082,0.128
5860,5.744,5.592,6.536,5860,-1.008,-1.132,0.154
5870,5.892,5.564,6.196,5870,-0.984,-1.134,0.186
5880,5.752,5.724,5.94,5880,-0.884,-1.112,0.22
5890,5.612,6.006,5.406,5890,-0.714,-1.148,0.258
5900,5.958,6.046,4.8,5900,-0.458,-1.204,0.296
5910,6.194,5.806,4.586,5910,-0.126,-1.258,0.352
5920,6.004,5.356,4.226,5920,0.194,-1.296,0.41
5930,5.884,4.912,3.838,5930,0.462,-1.324,0.466
5940,6.214,4.426,3.374,5940,0.652,-1.344,0.536
5950,6.866,4.186,3.298,5950,0.786,-1.366,0.608
5960,7.454,4.538,3.504,5960,0.9,-1.38,0.668
5970,7.886,5.196,3.62,5970,1.062,-1.392,0.728
5980,8.256,5.814,3.642,5980,1.232,-1.408,0.784
5990,8.522,5.954,3.556,5990,1.374,-1.394,0.836
6000,8.806,5.6,3.636,6000,1.524,-1.332,0.938
6010,9.322,5.332,3.766,6010,1.72,-1.27,1.078
6020,10.166,5.314,3.866,6020,1.906,-1.26,1.21
6030,11.182,5.306,3.732,6030,1.994,-1.324,1.306
6040,11.904,5.454,3.6,6040,2.032,-1.434,1.41
6050,12.108,5.736,3.802,6050,2.096,-1.558,1.576
6060,11.958,6.018,4.666,6060,2.206,-1.678,1.74
6070,11.74,6.42,4.918,6070,2.336,-1.788,1.872
6080,11.792,6.596,4.806,6080,2.482,-1.902,2.002
6090,12.204,6.602,4.806,6090,2.632,-2.038,2.144
6100,12.868,6.482,4.812,6100,2.734,-2.184,2.302
6110,13.684,6.352,4.696,6110,2.796,-2.336,2.45
6120,14.51,6.244,4.592,6120,2.856,-2.516,2.61
6130,15.26,6.012,4.264,6130,2.952,-2.714,2.776
6140,15.7,5.882,4.022,6140,3.14,-2.93,2.916
6150,15.782,6.18,3.744,6150,3.366,-3.14,3.02
6160,15.488,6.398,2.914,6160,3.572,-3.32,3.086
6170,14.912,6.324,1.974,6170,3.746,-3.486,3.11
6180,14.344,6.28,1.116,6180,3.892,-3.622,3.106
6190,13.956,6.122,0.204,6190,4.098,-3.698,3.11
6200,13.552,5.604,-0.512,6200,4.372,-3.712,3.14
6210,13.166,4.934,-1.32,6210,4.64,-3.698,3.172
6220,12.766,4.598,-2.572,6220,4.872,-3.66,3.198
6230,12.174,4.618,-3.834,6230,4.994,-3.596,3.218
6240,11.216,4.642,-4.706,6240,4.992,-3.526,3.166
6250,10.082,4.668,-5.524,6250,4.956,-3.388,3.056
6260,9.2,4.612,-6.362,6260,4.944,-3.192,2.928
6270,8.426,4.296,-7.056,6270,5.012,-3.006,2.762
6280,7.956,3.924,-7.668,6280,5.094,-2.788,2.57
6290,7.63,3.344,-8.75,6290,5.232,-2.518,2.384
6300,7.118,2.658,-9.788,6300,5.366,-2.24,2.228
6310,6.71,1.862,-10.438,6310,5.39,-1.978,2.064
6320,6.422,1.33,-11.25,6320,5.242,-1.75,1.86
6330,5.966,1.12,-12.098,6330,5.002,-1.48,1.636
6340,5.436,0.928,-12.644,6340,4.848,-1.216,1.414
6350,4.834,0.992,-12.662,6350,4.76,-0.954,1.142
6360,4.676,0.72,-12.948,6360,4.586,-0.686,0.74
6370,4.716,-0.08,-13.64,6370,4.178,-0.4,0.158
6380,4.57,-1.054,-14.358,6380,3.48,-0.012,-0.634
6390,4.362,-2.29,-14.588,6390,2.602,0.224,-1.686
6400,4.304,-3.952,-14.856,6400,1.324,0.76,-3.406
6410,4.33,-5.978,-15.82,6410,0.06,1.884,-5.78
6420,3.398,-8.618,-16.112,6420,0.508,3.728,-7.872
6430,2.552,-14.282,-17.97,6430,2.242,6.264,-9.702
6440,3.14,-21.99,-19.832,6440,2.45,8.664,-11.934
6450,5.46,-26.722,-24.314,6450,0.592,10.57,-13.716
6460,4.204,-26.248,-30.864,6460,-1.768,12.696,-14.294
6470,-5.376,-27.096,-31.258,6470,-5.366,15.16,-14.948
6480,-25.528,-27.458,-21.846,6480,-9.704,14.538,-13.492
6490,-38.784,-12.864,-10.878,6490,-10.378,11.532,-8.934
6500,-38.784,12.02,3.886,6500,-9.934,5.848,-4.384
6510,-38.486,32.702,24.638,6510,-10.472,0.466,-3.286
6520,-38.784,38.618,39.226,6520,-5.704,0.288,-1.268
6530,-38.784,36.888,39.226,6530,3.498,2.704,-1.348
6540,-36.674,2.414,24.566,6540,7.6,7.664,-4.182
6550,-14.626,-35.684,15.974,6550,8.676,12.796,-6.21
6560,16.63,-39.226,-17.938,6560,9.582,9.548,-7.334
6570,32.116,-39.226,-26.456,6570,8.138,4.232,-5.694
6580,22.778,-35.236,2.152,6580,4.818,2.946,-4.316
6590,-29.92,-29.162,3.082,6590,-0.792,4.136,-3.806
6600,-38.784,-28.402,-10.002,6600,-6,4.014,-3.076
6610,-30.374,3.746,-4.954,6610,-6.914,3.05,-2.254
6620,-15.196,35.964,19.672,6620,-4.968,2.94,-1.132
6630,-17.944,38.618,29.91,6630,-2.864,3.396,-0.17
6640,-25.184,23.732,24.338,6640,-1.22,3.844,0.402
6650,-20.758,7.04,20.262,6650,-0.614,3.862,0.582
6660,-16.404,2.354,17.692,6660,-1.026,3.582,0.614
6670,-16.908,4.584,17.884,6670,-1.36,3.302,0.516
6680,-20.66,8.948,19.968,6680,-0.71,3.102,0.508
6690,-22.02,12.522,22.726,6690,0.64,2.898,0.592
6700,-20.194,11.238,24.48,6700,1.942,2.562,0.656
6710,-18.244,5.812,26.012,6710,2.432,2.058,0.648
6720,-17.66,1.948,24.44,6720,1.838,1.768,0.604
6730,-17.616,1.816,22.66,6730,0.918,1.72,0.664
6740,-17.252,6.786,22.022,6740,0.532,1.542,0.832
6750,-15.922,13.238,21.122,6750,0.88,1.312,0.976
6760,-14.436,15.548,19.844,6760,1.71,1.22,1.126
6770,-13.732,13.434,19.174,6770,2.242,1.084,1.32
6780,-12.92,8.872,17.578,6780,2.408,0.898,1.522
6790,-12.186,6.136,16.89,6790,2.502,0.626,1.772
6800,-11.85,6.242,15.02,6800,2.484,0.318,1.928
6810,-10.946,7.576,13.686,6810,2.238,0.044,1.936
6820,-9.5,9.422,12.63,6820,1.512,-0.184,1.91
6830,-7.968,10.336,11.066,6830,0.774,-0.376,1.912
6840,-7.042,12.046,11.104,6840,0.152,-0.63,1.988
6850,-6.724,13.178,11.444,6850,-0.264,-0.856,2.054
6860,-6.76,13.126,11.6,6860,-0.218,-0.86,2.196
6870,-6.474,12.258,11.71,6870,0.282,-0.85,2.452
6880,-5.62,10.606,10.712,6880,0.776,-0.888,2.57
6890,-4.076,8.724,9.596,6890,1.032,-0.866,2.51
6900,-3.112,7.212,9.398,6900,1.106,-0.97,2.456
6910,-2.94,5.42,8.388,6910,0.864,-1.122,2.376
6920,-2.822,4.37,8.638,6920,0.036,-1.342,2.212
6930,-3.188,5.476,8.224,6930,-1.01,-1.476,1.958
6940,-3.11,7.946,7.106,6940,-1.62,-1.498,1.734
6950,-2.664,10.09,7.832,6950,-1.652,-1.514,1.616
6960,-2.54,10.04,7.94,6960,-1.332,-1.512,1.52
6970,-2.738,7.99,6.692,6970,-0.934,-1.482,1.434
6980,-3.134,5.554,5.372,6980,-0.574,-1.44,1.326
6990,-3.544,3.886,5.294,6990,-0.248,-1.42,1.216
7000,-3.848,2.93,5.348,7000,-0.082,-1.422,1.14
7010,-3.964,2.378,4.8,7010,-0.094,-1.44,1.044
7020,-3.888,2.732,4.314,7020,-0.12,-1.45,0.952
7030,-3.784,4.13,4.072,7030,-0.084,-1.49,0.87
7040,-3.836,5.528,3.098,7040,0.108,-1.464,0.856
7050,-3.926,6.446,2.604,7050,0.144,-1.474,0.802
7060,-4.222,7.104,2.368,7060,0.004,-1.566,0.592
7070,-4.032,7.318,1.824,7070,0.02,-1.658,0.45
7080,-3.75,6.618,2.212,7080,0.048,-1.724,0.35
7090,-3.702,6.136,3.248,7090,0.126,-1.772,0.196
7100,-3.07,6.258,3.19,7100,0.334,-1.78,0.04
7110,-2.384,5.828,2.792,7110,0.614,-1.692,-0.054
7120,-1.992,5.132,2.858,7120,0.836,-1.548,-0.088
7130,-1.488,4.55,2.666,7130,0.888,-1.45,-0.17
7140,-0.986,4.228,2.162,7140,0.806,-1.39,-0.258
7150,-0.802,4.704,2.102,7150,0.7,-1.264,-0.282
7160,-1.248,5.718,2.518,7160,0.52,-1.154,-0.312
7170,-1.476,6.326,2.188,7170,0.246,-1.062,-0.382
7180,-1.136,6.77,2.512,7180,-0.008,-0.964,-0.428
7190,-0.864,7.308,3.032,7190,-0.22,-0.904,-0.438
7200,-0.718,7.83,3.258,7200,-0.416,-0.884,-0.466
7210,-0.508,8.192,3.616,7210,-0.534,-0.86,-0.53
7220,-0.524,8.402,4.04,7220,-0.562,-0.81,-0.594
7230,-0.456,8.104,4.43,7230,-0.522,-0.766,-0.65
7240,-0.25,7.39,4.44,7240,-0.53,-0.696,-0.714
7250,0.042,6.678,5.01,7250,-0.532,-0.614,-0.774
7260,0.094,6.582,5.174,7260,-0.282,-0.54,-0.764
7270,0.194,6.766,4.964,7270,0.186,-0.508,-0.718
7280,0.116,6.648,4.65,7280,0.532,-0.552,-0.744
7290,-0.224,6.81,4.234,7290,0.682,-0.656,-0.83
7300,-0.696,7.478,4.18,7300,0.77,-0.76,-0.89
7310,-1.176,7.582,5.17,7310,0.81,-0.844,-0.89
7320,-1.308,7.19,6.216,7320,0.848,-0.898,-0.872
7330,-1.026,7.074,6.742,7330,0.826,-0.958,-0.888
7340,-0.564,7.52,6.668,7340,0.688,-1.03,-0.938
7350,-0.168,8.748,6.538,7350,0.472,-1.08,-0.998
7360,0.112,10.018,7.048,7360,0.232,-1.112,-1.074
7370,0.5,10.526,7.254,7370,0.062,-1.124,-1.174
7380,1.242,10.12,7.386,7380,0.008,-1.126,-1.274
7390,2.062,9.186,7.654,7390,-0.044,-1.116,-1.364
7400,2.84,8.498,8.078,7400,-0.192,-1.106,-1.464
7410,3.5,8.4,8.078,7410,-0.412,-1.094,-1.576
7420,4.088,8.572,7.872,7420,-0.626,-1.058,-1.692
7430,4.52,8.796,7.546,7430,-0.73,-0.988,-1.8
7440,4.97,8.938,7.738,7440,-0.744,-0.922,-1.892
7450,5.354,8.88,8.524,7450,-0.816,-0.938,-1.958
7460,5.458,8.544,8.526,7460,-0.866,-0.976,-1.974
7470,5.098,8.236,8.824,7470,-0.804,-0.99,-1.89
7480,4.408,8.182,8.742,7480,-0.694,-1.012,-1.774
7490,3.996,8.492,7.842,7490,-0.524,-1.024,-1.668
7500,4.094,8.832,7.436,7500,-0.336,-1.068,-1.546
7510,3.996,8.784,7.096,7510,-0.234,-1.194,-1.41
7520,3.738,8.646,6.898,7520,-0.288,-1.338,-1.266
7530,3.192,8.698,6.98,7530,-0.428,-1.416,-1.114
7540,2.348,9.038,6.856,7540,-0.616,-1.474,-0.96
7550,1.812,9.386,6.202,7550,-0.798,-1.496,-0.824
7560,1.842,9.754,5.348,7560,-0.966,-1.488,-0.692
7570,1.926,10.072,5.064,7570,-1.118,-1.484,-0.568
7580,1.83,10.216,4.782,7580,-1.27,-1.492,-0.462
7590,1.666,10.218,4.504,7590,-1.388,-1.492,-0.366
7600,1.492,10.108,4.3,7600,-1.43,-1.478,-0.262
7610,1.41,9.68,4.278,7610,-1.46,-1.452,-0.15
7620,1.494,9.1,4.13,7620,-1.42,-1.366,-0.044
7630,1.734,8.686,3.872,7630,-1.318,-1.298,0.046
7640,2.012,8.086,3.48,7640,-1.252,-1.284,0.092
7650,2.438,7.49,3.576,7650,-1.17,-1.252,0.09
7660,2.698,7.084,4.066,7660,-1.006,-1.2,0.068
7670,2.804,6.614,4.528,7670,-0.812,-1.138,0.068
7680,3.134,6.072,5.086,7680,-0.69,-1.036,0.052
7690,3.516,5.526,5.102,7690,-0.646,-0.946,-0.024
7700,4.084,5.072,5.088,7700,-0.61,-0.926,-0.118
7710,4.558,4.928,5.788,7710,-0.58,-0.91,-0.17
7720,4.482,4.946,6.972,7720,-0.61,-0.868,-0.198
7730,3.868,4.856,7.642,7730,-0.722,-0.84,-0.222
7740,3.386,4.61,7.788,7740,-0.84,-0.81,-0.24
7750,3.292,4.584,8.218,7750,-0.94,-0.796,-0.246
7760,3.218,4.872,8.558,7760,-1.074,-0.816,-0.256
7770,3.198,5.128,8.71,7770,-1.144,-0.82,-0.254
7780,3.202,5.146,9.316,7780,-1.138,-0.834,-0.2
7790,2.994,5.054,10.002,7790,-1.14,-0.866,-0.158
7800,2.848,4.832,9.826,7800,-1.096,-0.886,-0.15
7810,2.874,4.938,9.676,7810,-1.002,-0.936,-0.144
7820,2.716,4.904,9.96,7820,-0.882,-0.99,-0.132
7830,2.476,4.62,9.868,7830,-0.728,-1.03,-0.104
7840,2.074,4.368,10.108,7840,-0.606,-1.064,-0.06
7850,1.714,4.23,10.036,7850,-0.608,-1.106,-0.014
7860,1.582,4.348,9.62,7860,-0.64,-1.154,0.02
7870,1.472,4.798,9.596,7870,-0.638,-1.224,0.034
7880,1.374,5.006,10.06,7880,-0.628,-1.302,0.028
7890,1.284,4.74,10.418,7890,-0.66,-1.356,0.024
7900,1.192,4.41,10.628,7900,-0.736,-1.384,0.018
7910,1.242,4.308,10.67,7910,-0.834,-1.39,0.014
7920,1.576,4.248,10.652,7920,-0.9,-1.362,0.028
7930,1.666,4.31,10.734,7930,-0.934,-1.318,0.05
7940,1.794,4.362,10.348,7940,-0.984,-1.254,0.06
7950,2.092,4.222,9.738,7950,-1.018,-1.17,0.062
7960,2.37,4.178,9.59,7960,-1.02,-1.09,0.06
7970,2.632,4.288,9.55,7970,-1.036,-1,0.046
7980,2.85,4.312,9.222,7980,-1.068,-0.892,0.028
7990,3.074,4.29,8.838,7990,-1.084,-0.788,0.036
8000,3.424,4.284,8.704,8000,-1.114,-0.696,0.066
8010,3.696,4.268,8.796,8010,-1.172,-0.644,0.076
8020,3.792,4.242,8.758,8020,-1.2,-0.624,0.086
8030,3.736,4.206,8.692,8030,-1.188,-0.596,0.128
8040,3.562,4.13,8.666,8040,-1.176,-0.536,0.164
8050,3.532,4.076,8.372,8050,-1.13,-0.486,0.158
8060,3.754,4.2,8.134,8060,-1.032,-0.484,0.14
8070,3.918,4.258,7.744,8070,-0.96,-0.47,0.1
8080,3.738,4.354,7.724,8080,-0.984,-0.454,0.026
8090,3.386,4.568,7.634,8090,-1.088,-0.474,-0.076
8100,3.28,4.998,7.558,8100,-1.152,-0.512,-0.168
8110,3.186,5.748,7.484,8110,-1.158,-0.54,-0.252
8120,2.938,6.678,7.204,8120,-1.154,-0.572,-0.36
8130,2.638,7.412,6.734,8130,-1.128,-0.594,-0.474
8140,2.552,7.756,6.17,8140,-1.07,-0.606,-0.566
8150,2.644,8.03,6.038,8150,-1.078,-0.63,-0.638
8160,2.868,8.332,6.128,8160,-1.15,-0.65,-0.692
8170,3.096,8.68,6.184,8170,-1.232,-0.64,-0.718
8180,3.398,8.772,6.418,8180,-1.318,-0.634,-0.752
8190,3.882,8.78,6.796,8190,-1.428,-0.664,-0.802
8200,4.636,8.822,7.142,8200,-1.526,-0.704,-0.84
8210,5.254,8.682,7.47,8210,-1.648,-0.74,-0.872
8220,5.678,8.364,7.708,8220,-1.828,-0.732,-0.898
8230,6.222,8,7.652,8230,-1.974,-0.71,-0.876
8240,6.874,7.63,7.756,8240,-2.094,-0.73,-0.838
8250,7.454,7.506,7.926,8250,-2.15,-0.718,-0.812
8260,7.944,7.758,7.798,8260,-2.062,-0.664,-0.776
8270,8.138,7.788,7.608,8270,-1.872,-0.654,-0.718
8280,8.492,7.136,7.588,8280,-1.684,-0.674,-0.64
8290,8.958,6.11,7.604,8290,-1.518,-0.662,-0.546
8300,8.954,5.33,7.61,8300,-1.402,-0.632,-0.428
8310,8.646,4.892,7.284,8310,-1.372,-0.606,-0.31
8320,8.456,4.726,6.688,8320,-1.384,-0.596,-0.21
8330,8.352,4.822,6.006,8330,-1.43,-0.608,-0.116
8340,8.086,4.89,5.574,8340,-1.514,-0.622,-0.04
8350,7.606,4.77,5.218,8350,-1.558,-0.672,-0.002
8360,7.064,4.66,4.866,8360,-1.586,-0.76,0.01
8370,6.548,4.454,4.622,8370,-1.582,-0.798,0.018
8380,5.942,3.862,4.362,8380,-1.528,-0.828,0.05
8390,5.432,3.106,4.218,8390,-1.412,-0.87,0.102
8400,5.134,2.714,3.604,8400,-1.246,-0.872,0.138
8410,4.98,2.716,2.918,8410,-1.072,-0.854,0.13
8420,4.81,2.88,2.764,8420,-0.912,-0.902,0.092
8430,4.612,2.79,2.072,8430,-0.754,-0.934,0.042
8440,4.424,2.338,1.92,8440,-0.576,-0.918,0.018
8450,4.112,1.992,2.17,8450,-0.344,-0.904,0.008
8460,3.954,1.502,2.162,8460,-0.134,-0.93,-0.034
8470,3.92,0.978,1.822,8470,-0.048,-0.99,-0.14
8480,3.912,0.654,1.718,8480,-0.092,-1.038,-0.232
8490,3.83,0.596,2.326,8490,-0.118,-0.958,-0.234
8500,3.564,0.61,2.662,8500,-0.072,-0.816,-0.196
8510,3.828,0.916,2.372,8510,-0.018,-0.704,-0.228
8520,4.606,1.762,1.892,8520,0.132,-0.572,-0.306
8530,5.25,2.498,1.65,8530,0.354,-0.388,-0.36
8540,5.464,2.426,2.264,8540,0.54,-0.196,-0.388
8550,5.814,1.776,2.63,8550,0.686,0,-0.412
8560,6.554,1.178,2.706,8560,0.876,0.194,-0.412
8570,7.338,0.978,3.202,8570,1.08,0.316,-0.394
8580,7.86,0.99,3.838,8580,1.168,0.324,-0.384
8590,8.016,1.194,4.55,8590,1.12,0.306,-0.384
8600,7.808,1.46,5.03,8600,0.988,0.336,-0.384
8610,7.712,1.79,5.632,8610,0.796,0.346,-0.392
8620,8.09,2.266,6.358,8620,0.634,0.3,-0.382
8630,8.586,2.644,6.628,8630,0.482,0.236,-0.36
8640,8.618,2.692,7.206,8640,0.322,0.19,-0.342
8650,8.244,2.754,7.362,8650,0.264,0.148,-0.332
8660,8.006,2.804,7.494,8660,0.306,0.072,-0.318
8670,8.118,2.598,7.938,8670,0.432,0.01,-0.308
8680,8.24,2.176,8.042,8680,0.616,-0.022,-0.286
8690,8.218,1.75,8.03,8690,0.774,-0.026,-0.252
8700,8.332,1.368,7.794,8700,0.872,-0.038,-0.224
8710,8.428,1.138,7.756,8710,0.916,-0.066,-0.186
8720,8.498,1.102,7.53,8720,0.908,-0.078,-0.134
8730,8.256,1.26,7.77,8730,0.82,-0.094,-0.118
8740,7.658,1.622,7.82,8740,0.664,-0.124,-0.122
8750,7.302,2.134,7.892,8750,0.508,-0.15,-0.108
8760,6.96,2.496,8.204,8760,0.4,-0.158,-0.118
8770,6.642,2.756,8.254,8770,0.352,-0.152,-0.138
8780,6.646,2.83,8.136,8780,0.36,-0.122,-0.134
8790,6.756,2.656,8.13,8790,0.426,-0.1,-0.102
8800,6.804,2.316,8.098,8800,0.478,-0.066,-0.044
8810,6.896,1.95,8.122,8810,0.46,-0.044,-0.002
8820,6.716,1.742,7.898,8820,0.352,-0.058,-0.006
8830,6.618,1.902,8.032,8830,0.246,-0.074,-0.028
8840,6.488,2.262,8.74,8840,0.158,-0.074,-0.046
8850,6.246,2.47,9.256,8850,0.05,-0.064,-0.088
8860,6.148,2.378,9.262,8860,-0.09,-0.066,-0.144
8870,6.222,2.214,9.07,8870,-0.214,-0.09,-0.174
8880,6.24,2.254,9.03,8880,-0.304,-0.106,-0.186
8890,6.008,2.508,8.958,8890,-0.386,-0.1,-0.224
8900,5.734,2.776,8.742,8900,-0.416,-0.098,-0.278
8910,5.638,2.842,8.44,8910,-0.356,-0.098,-0.312
8920,5.826,2.632,8.368,8920,-0.254,-0.112,-0.332
8930,6.112,2.438,8.322,8930,-0.17,-0.138,-0.352
8940,6.292,2.442,8.252,8940,-0.092,-0.144,-0.356
8950,6.356,2.518,8.528,8950,-0.04,-0.11,-0.346
8960,6.218,2.708,8.7,8960,-0.032,-0.078,-0.34
8970,6.132,3.074,8.392,8970,-0.088,-0.088,-0.356
8980,6.284,3.522,7.872,8980,-0.208,-0.112,-0.376
8990,6.294,3.996,7.726,8990,-0.328,-0.146,-0.368
9000,5.918,4.364,7.784,9000,-0.4,-0.198,-0.334
9010,5.574,4.722,7.97,9010,-0.416,-0.252,-0.314
9020,5.366,4.98,8.048,9020,-0.354,-0.268,-0.314
9030,5.436,4.988,7.904,9030,-0.214,-0.27,-0.284
9040,5.77,4.738,7.756,9040,-0.086,-0.294,-0.25
9050,6.232,4.366,7.678,9050,-0.02,-0.348,-0.234
9060,6.726,4.102,7.362,9060,-0.008,-0.394,-0.222
9070,7.056,3.98,7.37,9070,-0.028,-0.438,-0.192
9080,7.282,4.096,7.352,9080,-0.05,-0.502,-0.136
9090,7.514,4.43,7.078,9090,-0.084,-0.582,-0.06
9100,7.636,4.774,6.62,9100,-0.096,-0.674,0.024
9110,7.612,5.162,6.208,9110,-0.058,-0.756,0.11
9120,7.574,5.388,6.028,9120,0.006,-0.834,0.182
9130,7.478,5.332,5.66,9130,0.088,-0.914,0.234
9140,7.4,5.164,5.232,9140,0.216,-0.992,0.286
9150,7.33,5.03,4.774,9150,0.388,-1.056,0.338
9160,7.316,5.012,4.382,9160,0.606,-1.096,0.412
9170,7.368,4.974,4.106,9170,0.826,-1.12,0.498
9180,7.4,4.908,3.908,9180,0.984,-1.144,0.576
9190,7.408,4.834,3.626,9190,1.048,-1.174,0.628
9200,7.452,4.724,3.438,9200,1.026,-1.208,0.676
9210,7.47,4.658,3.208,9210,0.958,-1.248,0.74
9220,7.506,4.966,3.094,9220,0.904,-1.302,0.808
9230,7.604,5.534,3.084,9230,0.882,-1.38,0.866
9240,7.684,5.982,3.004,9240,0.902,-1.448,0.908
9250,7.616,6.114,3,9250,0.964,-1.502,0.94
9260,7.562,5.912,3.198,9260,1.082,-1.54,0.974
9270,7.648,5.612,3.316,9270,1.248,-1.566,1.022
9280,7.824,5.308,3.192,9280,1.412,-1.59,1.082
9290,8.068,5.114,3.022,9290,1.512,-1.638,1.144
9300,8.238,4.98,2.8,9300,1.52,-1.698,1.206
9310,8.342,5.034,2.578,9310,1.544,-1.764,1.298
9320,8.458,5.416,2.5,9320,1.584,-1.838,1.434
9330,8.648,5.766,2.522,9330,1.612,-1.906,1.564
9340,8.948,5.962,2.36,9340,1.656,-1.99,1.656
9350,9.368,6.014,2.248,9350,1.746,-2.072,1.746
9360,9.902,5.864,2.28,9360,1.904,-2.124,1.852
9370,10.264,5.498,2.338,9370,2.052,-2.17,1.94
9380,10.728,5.104,2.194,9380,2.158,-2.232,2
9390,11.268,4.89,1.904,9390,2.232,-2.346,2.052
9400,11.596,4.84,1.486,9400,2.298,-2.476,2.116
9410,11.776,4.874,1.246,9410,2.382,-2.64,2.198
9420,11.804,4.86,1.022,9420,2.454,-2.854,2.276
9430,12.024,4.672,0.824,9430,2.526,-3.074,2.358
9440,12.274,4.304,0.58,9440,2.648,-3.258,2.476
9450,12.772,3.85,0.278,9450,2.81,-3.384,2.608
9460,13.994,3.408,-0.102,9460,2.99,-3.496,2.742
9470,15.482,3.008,-0.898,9470,3.124,-3.628,2.892
9480,16.634,2.666,-1.834,9480,3.19,-3.774,3.028
9490,17.066,2.438,-2.478,9490,3.266,-3.882,3.126
9500,17.054,2.346,-3.142,9500,3.358,-3.95,3.168
9510,17.142,2.036,-4.044,9510,3.438,-3.992,3.16
9520,17.448,1.518,-5.042,9520,3.5,-4.036,3.12
9530,17.514,1.09,-6.07,9530,3.602,-4.09,3.048
9540,17.186,0.782,-6.984,9540,3.75,-4.122,2.978
9550,16.556,0.3,-7.7,9550,3.844,-4.132,2.896
9560,15.664,-0.228,-8.526,9560,3.94,-4.134,2.808
9570,14.832,-0.58,-9.708,9570,4.098,-4.102,2.736
9580,14.238,-0.82,-10.658,9580,4.292,-4.018,2.662
9590,13.766,-1.102,-11.6,9590,4.462,-3.868,2.566
9600,13.502,-1.358,-12.676,9600,4.554,-3.646,2.468
9610,13.512,-1.552,-13.678,9610,4.636,-3.368,2.398
9620,13.674,-1.854,-14.684,9620,4.75,-3.084,2.328
9630,13.634,-2.244,-15.454,9630,4.83,-2.808,2.182
9640,13.36,-2.668,-15.978,9640,4.67,-2.524,1.882
9650,12.778,-3.074,-16.522,9650,4.162,-2.268,1.362
9660,12.03,-3.19,-16.91,9660,3.496,-2.04,0.576
9670,10.944,-3.31,-17.178,9670,2.698,-1.808,-0.602
9680,9.278,-4.128,-16.89,9680,1.814,-1.378,-2.29
9690,7.126,-5.708,-17.614,9690,1.324,-0.628,-4.488
9700,4.108,-8.814,-19.358,9700,1.818,0.69,-6.878
9710,1.162,-14.21,-22.746,9710,3.064,3.092,-9.176
9720,-1.336,-21.394,-26.968,9720,4.23,6.234,-11.24
9730,-2.478,-28.174,-30.974,9730,4.764,9.518,-12.798
9740,-4.416,-31.378,-36.31,9740,3.714,12.172,-13.924
9750,-12.614,-29.946,-39.214,9750,0.282,14.984,-15.368
9760,-28.226,-25.982,-39.214,9760,-4.538,17.416,-16.384
9770,-38.784,-19.258,-38.004,9770,-8.544,16.788,-15.054
9780,-38.784,-3.124,-24.608,9780,-10.786,14.416,-10.846
9790,-38.554,17.162,-8.456,9790,-13.108,8.84,-7.37
9800,-38.784,29.176,9.374,9800,-13.958,5.63,-5.848
9810,-38.784,36.898,35.348,9810,-11.95,6.572,-2.864
9820,-38.78,36.874,39.226,9820,-3.432,6.962,-0.71
9830,-35.912,6.058,15.058,9830,3.258,6.372,-2.658
9840,-25.628,-33.828,-5.384,9840,5.864,8.024,-3.592
9850,-22.29,-39.226,-12.516,9850,8.37,9.596,-4.104
9860,-15.178,-39.226,-30.886,9860,8.508,7.546,-4.186
9870,-2.268,-38.552,6.482,9870,5.642,4.83,-3.906
9880,-8.614,-32.354,7.992,9880,1.156,3.506,-3.172
9890,-32.95,-23.824,3.77,9890,-2.138,3.918,-2.018
9900,-36.51,1.296,3.734,9900,-2.226,4.12,-1.446
9910,-25.676,26.078,16.86,9910,-0.382,3.554,-0.73
9920,-12.93,31.138,30.214,9920,0.796,3.172,0.252
9930,-12.264,17.466,30.272,9930,0.682,3.038,0.992
9940,-14.274,6.104,24.62,9940,-0.102,2.876,1.418
9950,-11.312,7.568,21.92,9950,-0.87,2.862,1.636
9960,-8.832,13.018,21.512,9960,-1.1,2.912,1.652
9970,-7.948,15.176,21,9970,-0.338,2.862,1.592
9980,-6.462,12.908,20.804,9980,0.966,2.648,1.656
9990,-6.256,9.174,20.494,9990,2.628,2.296,1.966
10000,-7.244,5.898,20.24,10000,4.034,1.86,2.312
10010,-7.666,2.174,19.316,10010,4.118,1.462,2.452
10020,-6.908,-0.51,16.362,10020,3.054,1.482,2.374
10030,-6.958,2.09,16.894,10030,1.88,1.696,2.326
10040,-8.502,9.408,16.786,10040,1.276,1.674,2.3
10050,-9.608,14.776,15.134,10050,1.536,1.44,2.276
10060,-11.09,16.422,14.792,10060,2.142,1.23,2.226
10070,-13.048,13.556,13.588,10070,2.502,1.194,2.026
10080,-14.088,8.856,12.676,10080,2.336,1.222,1.69
10090,-13.598,6.796,12.342,10090,1.792,1.104,1.404
10100,-12.178,8.374,12.222,10100,1.376,0.9,1.25
10110,-10.572,11.782,11.868,10110,1.154,0.584,1.078
10120,-9.502,14.022,11.77,10120,0.968,0.306,0.822
10130,-8.89,15.294,12.466,10130,0.788,0.348,0.64
10140,-8.696,15.346,12.294,10140,0.774,0.476,0.576
10150,-7.948,14.624,11.128,10150,1.086,0.492,0.694
10160,-6.506,13.722,10.218,10160,1.442,0.552,0.902
10170,-6.312,13.06,11.23,10170,1.724,0.696,0.978
10180,-6.616,13.028,10.436,10180,1.818,0.694,0.986
10190,-5.576,11.62,9.994,10190,1.842,0.616,0.914
10200,-4.63,9.554,10.5,10200,1.682,0.554,0.704
10210,-3.988,8.642,10.602,10210,1.208,0.406,0.344
10220,-3.16,9.032,9.93,10220,0.382,0.206,-0.044
10230,-2.248,9.466,10.282,10230,-0.298,0.04,-0.388
10240,-1.692,9.866,11.722,10240,-0.516,-0.028,-0.574
10250,-1.04,9.616,14.332,10250,-0.402,-0.024,-0.642
10260,-0.496,7.822,15.322,10260,-0.174,0.01,-0.634
10270,-0.34,6.21,14.68,10270,0.168,0.036,-0.516
10280,-0.796,5.994,13.292,10280,0.66,0.14,-0.226
10290,-1.112,6.05,11.222,10290,0.712,0.128,-0.1
10300,-1.332,5.514,8.802,10300,0.588,0.052,-0.102
10310,-1.148,5.158,6.508,10310,0.61,0.038,0.072
10320,-1.934,4.434,7.088,10320,0.046,-0.17,0.168
10330,-3.356,5.296,6.416,10330,-0.882,-0.496,0.07
10340,-4.594,9.004,5.562,10340,-1.514,-0.742,0.036
10350,-6.194,12.322,6.322,10350,-1.608,-0.848,0.088
10360,-6.908,12.982,6.352,10360,-1.412,-0.864,0.092
10370,-5.778,10.666,5.08,10370,-1.05,-0.874,0.054
10380,-4.192,7.768,3.372,10380,-0.642,-0.924,-0.024
10390,-3.63,5.366,2.342,10390,-0.302,-1.016,-0.17
10400,-4.296,3.59,2.326,10400,-0.012,-1.064,-0.306
10410,-5.73,2.442,2.776,10410,0.288,-1.028,-0.388
10420,-7.23,1.716,2.454,10420,0.498,-1.006,-0.51
10430,-7.828,1.148,1.786,10430,0.632,-1.002,-0.694
10440,-8.25,1.41,1.448,10440,0.824,-0.984,-0.846
10450,-9.234,2.202,0.498,10450,1.062,-0.994,-0.968
10460,-10.08,2.808,-1.04,10460,1.268,-1.03,-1.158
10470,-10.296,3.148,-2.326,10470,1.39,-1.048,-1.432
10480,-10.278,3.526,-2.726,10480,1.436,-1.068,-1.674
10490,-10.146,4.088,-2.102,10490,1.418,-1.058,-1.832
10500,-9.962,4.486,-1.012,10500,1.394,-1.04,-1.948
10510,-9.506,5.036,-0.648,10510,1.398,-1.09,-1.994
10520,-8.978,5.502,-0.3,10520,1.204,-1.12,-2.036
10530,-9.24,6.602,0.894,10530,0.92,-1.068,-2.12
10540,-10.014,9.35,1.992,10540,0.654,-1.032,-2.142
10550,-10.258,11.71,2.864,10550,0.43,-1.004,-2.124
10560,-9.674,13.23,4.252,10560,0.212,-0.996,-2.13
10570,-8.586,14.572,4.834,10570,-0.084,-1.068,-2.14
10580,-7.182,15.338,6,10580,-0.298,-1.188,-2.07
10590,-6.14,15.56,8.808,10590,-0.414,-1.412,-1.916
10600,-5.354,15.002,10.694,10600,-0.552,-1.706,-1.77
10610,-4.506,14.12,11.524,10610,-0.694,-1.976,-1.648
10620,-3.914,13.47,12.518,10620,-0.824,-2.202,-1.534
10630,-3.484,13.108,13.538,10630,-0.96,-2.398,-1.45
10640,-2.912,12.802,13.902,10640,-1.148,-2.574,-1.4
10650,-2.362,12.5,13.684,10650,-1.27,-2.746,-1.344
10660,-1.988,12.142,13.07,10660,-1.322,-2.914,-1.296
10670,-1.758,11.696,12.426,10670,-1.416,-3.09,-1.294
10680,-1.762,11.154,11.498,10680,-1.508,-3.21,-1.248
10690,-2.114,10.71,11.094,10690,-1.528,-3.278,-1.138
10700,-2.554,10.378,10.464,10700,-1.544,-3.31,-1.038
10710,-2.64,10.124,9.574,10710,-1.534,-3.288,-0.95
10720,-2.384,10.278,8.918,10720,-1.47,-3.242,-0.866
10730,-1.896,10.324,8.274,10730,-1.404,-3.196,-0.788
10740,-1.23,10.1,7.978,10740,-1.352,-3.15,-0.694
10750,-0.64,10.12,7.91,10750,-1.334,-3.106,-0.596
10760,-0.16,10.188,7.74,10760,-1.344,-3.058,-0.508
10770,0.36,10.046,7.466,10770,-1.364,-2.99,-0.424
10780,0.932,9.978,7.46,10780,-1.368,-2.924,-0.348
10790,1.418,10.12,7.338,10790,-1.342,-2.856,-0.288
10800,1.856,10.154,7.172,10800,-1.282,-2.79,-0.224
10810,2.15,9.986,7.166,10810,-1.212,-2.716,-0.146
10820,2.302,9.488,7.27,10820,-1.138,-2.644,-0.058
10830,2.414,8.932,7.438,10830,-1.068,-2.574,0.03
10840,2.57,8.402,7.438,10840,-1.02,-2.49,0.12
10850,2.742,7.974,7.512,10850,-0.998,-2.4,0.198
10860,2.9,7.664,7.228,10860,-0.996,-2.322,0.238
10870,3.124,7.364,6.84,10870,-1.024,-2.256,0.24
10880,3.206,6.942,6.654,10880,-1.062,-2.194,0.222
10890,3.044,6.426,6.396,10890,-1.1,-2.138,0.2
10900,2.802,5.87,6.038,10900,-1.086,-2.078,0.172
10910,2.564,5.278,5.66,10910,-1.014,-2.024,0.146
10920,2.254,4.614,5.38,10920,-0.926,-1.986,0.128
10930,1.922,4.016,5.138,10930,-0.838,-1.95,0.126
10940,1.642,3.556,4.764,10940,-0.734,-1.904,0.126
10950,1.436,3.05,4.292,10950,-0.66,-1.844,0.104
10960,1.362,2.592,3.962,10960,-0.632,-1.766,0.046
10970,1.4,2.438,3.576,10970,-0.636,-1.682,-0.044
10980,1.496,2.442,3.304,10980,-0.678,-1.616,-0.122
10990,1.67,2.498,3.25,10990,-0.736,-1.564,-0.182
11000,1.818,2.602,3.32,11000,-0.794,-1.506,-0.246
11010,1.914,2.662,3.466,11010,-0.836,-1.458,-0.318
11020,1.928,2.624,3.66,11020,-0.816,-1.406,-0.366
11030,2.032,2.386,3.866,11030,-0.73,-1.328,-0.396
11040,2.258,1.97,3.85,11040,-0.61,-1.248,-0.45
11050,2.614,1.51,3.638,11050,-0.432,-1.162,-0.522
11060,3.128,1.174,3.79,11060,-0.254,-1.068,-0.584
11070,3.464,1.106,3.93,11070,-0.2,-0.978,-0.64
11080,3.656,1.262,4.04,11080,-0.256,-0.892,-0.67
11090,3.866,1.488,4.57,11090,-0.272,-0.812,-0.664
11100,4.124,1.74,5.278,11100,-0.242,-0.756,-0.644
11110,4.544,2.032,5.898,11110,-0.212,-0.7,-0.616
11120,5,2.292,6.368,11120,-0.208,-0.628,-0.584
11130,5.406,2.45,6.564,11130,-0.234,-0.576,-0.558
11140,5.914,2.626,6.738,11140,-0.286,-0.566,-0.548
11150,6.452,2.77,7.318,11150,-0.35,-0.572,-0.546
11160,6.82,2.758,7.86,11160,-0.414,-0.576,-0.536
11170,6.912,2.676,8.13,11170,-0.464,-0.572,-0.524
11180,6.996,2.662,8.262,11180,-0.484,-0.542,-0.518
11190,7.19,2.722,8.304,11190,-0.47,-0.504,-0.502
11200,7.462,2.746,8.244,11200,-0.486,-0.49,-0.464
11210,7.732,2.838,8.476,11210,-0.57,-0.496,-0.412
11220,7.83,3.038,8.654,11220,-0.67,-0.522,-0.352
11230,7.584,3.232,8.696,11230,-0.764,-0.538,-0.29
11240,7.386,3.446,8.904,11240,-0.876,-0.528,-0.236
11250,7.36,3.622,8.8,11250,-0.982,-0.496,-0.206
11260,7.57,3.786,8.524,11260,-1.042,-0.464,-0.184
11270,7.874,4.036,8.224,11270,-1.018,-0.44,-0.15
11280,7.898,4.35,8.072,11280,-0.912,-0.402,-0.132
11290,7.586,4.514,7.782,11290,-0.782,-0.372,-0.18
11300,7.134,4.368,7.094,11300,-0.696,-0.368,-0.29
11310,6.688,4.188,6.568,11310,-0.66,-0.348,-0.41
11320,6.07,4.252,6.138,11320,-0.696,-0.31,-0.506
11330,5.542,4.55,5.806,11330,-0.76,-0.26,-0.548
11340,5.542,4.822,5.74,11340,-0.734,-0.182,-0.526
11350,5.978,4.842,6.056,11350,-0.586,-0.082,-0.454
11360,6.706,4.604,6.222,11360,-0.42,-0.01,-0.382
11370,7.666,4.33,6.024,11370,-0.346,0,-0.342
11380,8.344,4.218,5.908,11380,-0.39,-0.048,-0.32
11390,8.37,4.276,5.886,11390,-0.518,-0.152,-0.302
11400,7.844,4.652,5.922,11400,-0.684,-0.25,-0.3
11410,7.156,5.214,6.262,11410,-0.792,-0.314,-0.318
11420,6.524,5.648,6.394,11420,-0.798,-0.356,-0.322
11430,6.206,5.814,6.356,11430,-0.718,-0.416,-0.306
11440,5.99,5.682,6.08,11440,-0.608,-0.474,-0.298
11450,5.652,5.286,5.832,11450,-0.546,-0.512,-0.302
11460,5.224,4.858,5.44,11460,-0.588,-0.572,-0.344
11470,4.836,4.666,5.35,11470,-0.672,-0.64,-0.388
11480,4.576,4.602,5.486,11480,-0.744,-0.666,-0.406
11490,4.236,4.538,5.54,11490,-0.794,-0.684,-0.416
11500,4.264,4.586,5.486,11500,-0.782,-0.704,-0.43
11510,4.768,4.61,5.15,11510,-0.674,-0.702,-0.434
11520,5.338,4.5,4.746,11520,-0.518,-0.694,-0.436
11530,5.976,4.27,4.324,11530,-0.382,-0.706,-0.444
11540,6.64,3.982,3.814,11540,-0.308,-0.744,-0.446
11550,7.034,3.81,3.53,11550,-0.34,-0.786,-0.444
11560,7.078,3.726,3.542,11560,-0.462,-0.826,-0.446
11570,6.886,3.79,3.578,11570,-0.616,-0.866,-0.436
11580,6.69,4.004,3.728,11580,-0.694,-0.904,-0.402
11590,6.616,4.492,3.702,11590,-0.644,-0.926,-0.37
11600,6.736,4.952,3.538,11600,-0.472,-0.926,-0.334
11610,6.962,5.09,3.116,11610,-0.246,-0.916,-0.296
11620,7.246,4.85,2.642,11620,-0.05,-0.924,-0.294
11630,7.63,4.562,2.316,11630,0.092,-0.944,-0.3
11640,7.878,4.362,2.22,11640,0.216,-0.954,-0.284
11650,7.914,4.234,2.478,11650,0.318,-0.964,-0.266
11660,7.93,4.322,2.78,11660,0.346,-0.968,-0.248
11670,7.96,4.516,3.054,11670,0.312,-0.966,-0.228
11680,8.042,4.676,3.232,11680,0.238,-0.956,-0.202
11690,8.232,4.818,3.38,11690,0.156,-0.972,-0.144
11700,8.466,5.09,3.48,11700,0.096,-1.004,-0.06
11710,8.74,5.508,3.754,11710,0.044,-1.05,0.012
11720,8.94,5.912,3.908,11720,0.03,-1.106,0.06
11730,9.096,6.19,3.99,11730,0.128,-1.168,0.102
11740,9.348,6.366,3.972,11740,0.314,-1.24,0.144
11750,9.698,6.256,3.65,11750,0.534,-1.316,0.194
11760,10.086,5.836,3.204,11760,0.8,-1.394,0.28
11770,10.368,5.332,2.868,11770,1.076,-1.476,0.398
11780,10.704,5.196,2.852,11780,1.278,-1.556,0.516
11790,11.116,5.508,2.82,11790,1.396,-1.604,0.63
11800,11.538,5.838,2.782,11800,1.454,-1.62,0.768
11810,12.012,5.954,3.008,11810,1.496,-1.622,0.928
11820,12.7,6,3.244,11820,1.532,-1.67,1.086
11830,13.272,6.04,3.52,11830,1.59,-1.75,1.246
11840,13.586,5.932,3.73,11840,1.71,-1.79,1.394
11850,13.674,5.672,3.702,11850,1.822,-1.818,1.52
11860,14.134,5.312,3.754,11860,1.95,-1.886,1.634
11870,14.794,4.878,3.646,11870,2.098,-1.958,1.748
11880,15.056,4.296,3.574,11880,2.234,-1.994,1.84
11890,14.812,3.918,3.506,11890,2.286,-2.002,1.93
11900,14.466,3.754,3.598,11900,2.228,-2.024,2.024
11910,14.22,3.82,3.674,11910,2.106,-2.096,2.126
11920,14.132,3.9,3.704,11920,1.986,-2.182,2.246
11930,14.134,3.772,3.65,11930,1.994,-2.258,2.384
11940,14.25,3.584,3.446,11940,2.126,-2.32,2.498
11950,14.6,3.284,3.538,11950,2.304,-2.394,2.534
11960,14.986,2.79,3.262,11960,2.494,-2.492,2.536
11970,15.064,1.988,2.65,11970,2.648,-2.574,2.5
11980,14.45,1.232,2.286,11980,2.734,-2.608,2.418
11990,13.646,0.91,1.676,11990,2.78,-2.646,2.35
12000,13.268,0.99,1.046,12000,2.802,-2.72,2.32
12010,12.828,1.294,0.41,12010,2.812,-2.784,2.31
12020,12.012,1.674,-0.252,12020,2.884,-2.836,2.342
12030,11.292,2.026,-0.86,12030,3.02,-2.95,2.408
12040,10.718,2.142,-1.576,12040,3.15,-3.114,2.504
12050,10.13,2.152,-2.728,12050,3.252,-3.272,2.59
12060,9.464,2.348,-4.194,12060,3.36,-3.432,2.62
12070,9.014,2.662,-5.57,12070,3.54,-3.506,2.616
12080,8.868,2.798,-6.718,12080,3.722,-3.506,2.602
12090,9.112,2.716,-7.938,12090,3.864,-3.528,2.58
12100,9.698,2.6,-9.286,12100,4.002,-3.494,2.604
12110,10.078,2.39,-10.482,12110,4.14,-3.384,2.662
12120,10.184,2.074,-11.994,12120,4.324,-3.33,2.678
12130,10.562,1.89,-13.49,12130,4.534,-3.304,2.632
12140,10.952,1.4,-14.668,12140,4.71,-3.194,2.518
12150,10.92,0.574,-15.662,12150,4.826,-3.042,2.32
12160,11.292,0.076,-16.932,12160,4.906,-2.842,2.088
12170,12.364,-0.116,-18.378,12170,4.964,-2.566,1.87
12180,13.276,-0.174,-19.368,12180,4.984,-2.27,1.568
12190,13.564,-0.224,-20.418,12190,4.938,-1.996,1.096
12200,13.388,-0.368,-21.338,12200,4.754,-1.682,0.422
12210,12.5,-0.636,-22.488,12210,4.406,-1.344,-0.542
12220,10.936,-0.93,-23.434,12220,3.882,-0.95,-1.984
12230,9.268,-1.612,-23.832,12230,3.208,-0.31,-3.932
12240,7.284,-3.432,-24.6,12240,2.76,0.73,-6.244
12250,4.724,-7.13,-26.26,12250,3.124,2.394,-8.498
12260,2.438,-12.646,-28.488,12260,4.01,4.784,-10.308
12270,1.208,-18.962,-30.022,12270,4.524,7.478,-11.852
12280,-0.458,-22.948,-32.11,12280,4.334,10.25,-13.304
12290,-4.98,-22.064,-34.686,12290,3.172,13.094,-15.242
12300,-16.112,-18.798,-38.672,12300,-0.184,15.932,-16.94
12310,-33.788,-15.422,-39.214,12310,-5.204,17.378,-16.78
12320,-38.784,-7.914,-34.348,12320,-7.896,14.908,-13.744
12330,-38.752,7.474,-21.908,12330,-8.912,11.426,-9.926
12340,-38.642,26.674,-2.3,12340,-11.888,6.3,-6.804
12350,-38.784,38.618,21.55,12350,-11.442,3.82,-2.966
12360,-38.784,38.618,39.226,12360,-6.08,4.25,-1.384
12370,-38.72,27.572,30.766,12370,-0.394,7.234,-3.61
12380,-35.874,-14.896,24.07,12380,2.102,11.214,-4.496
12390,-13.804,-38.258,-13.52,12390,4.712,12.58,-3.794
12400,3.512,-39.226,-19.804,12400,5.916,10.4,-3.364
12410,6.87,-38.178,-4.964,12410,6.5,7.688,-1.464
12420,-9.892,-24.602,10.854,12420,6.822,4.144,-0.676
12430,-38.65,-17.336,2.16,12430,6.552,3.05,-1.13
12440,-38.784,-11.818,-1.538,12440,5.558,4.104,-1.43
12450,-38.34,5.428,1.956,12450,3.348,4.174,-1.276
12460,-36.454,17.528,20.554,12460,0.64,3.75,-0.9
12470,-24.674,24.652,27.886,12470,-1.206,3.95,-0.478
12480,-20.95,31.458,27.648,12480,-1.264,3.878,0.226
12490,-22.266,36.838,29.334,12490,-0.026,3.208,0.826
12500,-21.148,33.092,31.55,12500,1.7,2.716,1.194
12510,-21.58,20.534,28.39,12510,3.016,2.582,1.404
12520,-24.2,10.014,24.864,12520,3.204,2.36,1.378
12530,-23.672,5.894,23,12530,2.73,2.042,1.314
12540,-21.238,8.358,23.314,12540,2.024,1.708,1.314
12550,-20.056,12.706,22.816,12550,1.3,1.392,1.24
12560,-19.232,15.398,20.526,12560,0.762,1.158,1.19
12570,-18.414,16.724,18.272,12570,0.468,0.954,1.206
12580,-17.384,16.278,15.43,12580,0.374,0.694,1.236
12590,-15.864,14.874,12.578,12590,0.414,0.416,1.182
12600,-14.374,13.988,10.652,12600,0.134,0.19,0.998
12610,-13.318,13.002,10.096,12610,-0.304,0.14,0.866
12620,-12.75,13.386,9.712,12620,-0.614,0.116,0.89
12630,-11.722,14.624,7.72,12630,-1.088,-0.012,0.914
12640,-9.442,15.322,6.858,12640,-1.502,-0.006,0.964
12650,-7.136,16.378,7.994,12650,-1.604,0.012,1.114
12660,-5.286,17.218,7.872,12660,-1.604,-0.168,1.224
12670,-3.342,17.228,7.96,12670,-1.56,-0.484,1.362
12680,-2.676,16.778,9.602,12680,-1.476,-1.024,1.534
12690,-3.584,15.832,10.424,12690,-1.426,-1.608,1.638
12700,-4.464,14.968,11.758,12700,-1.54,-2.02,1.644
12710,-5.248,14.624,13.318,12710,-1.73,-2.3,1.594
12720,-4.944,14.952,13.5,12720,-1.724,-2.58,1.544
12730,-3.492,14.956,13.338,12730,-1.51,-2.738,1.538
12740,-2.4,13.428,12.78,12740,-1.028,-2.67,1.506
12750,-2.114,11.576,11.442,12750,-0.552,-2.826,1.368
12760,-1.654,9.884,10.3,12760,-0.568,-2.976,1.004
12770,-1.562,8.208,9.018,12770,-0.774,-2.952,0.688
12780,-1.836,7.204,8.09,12780,-0.908,-2.982,0.496
12790,-1.512,6.366,8.436,12790,-0.986,-3.058,0.37
12800,-0.602,5.686,7.088,12800,-0.922,-3.11,0.424
12810,-0.802,5.668,5.68,12810,-0.812,-3.162,0.572
12820,-2.23,5.578,3.928,12820,-0.844,-3.226,0.68
12830,-3.98,6.24,2.802,12830,-0.976,-3.296,0.814
12840,-5.44,7.854,2.748,12840,-1.176,-3.366,0.964
12850,-6.47,9.056,2.486,12850,-1.486,-3.396,0.938
12860,-7.358,9.516,1.634,12860,-1.78,-3.416,0.862
12870,-8.078,10.072,1.592,12870,-1.872,-3.406,0.944
12880,-8.076,10.436,1.674,12880,-1.706,-3.322,1.062
12890,-7.394,10.274,0.9,12890,-1.474,-3.224,1.08
12900,-6.446,9.426,-0.862,12900,-1.316,-3.098,1.01
12910,-5.612,8.442,-1.404,12910,-1.304,-2.962,0.88
12920,-5.478,7.476,-0.56,12920,-1.47,-2.786,0.738
12930,-6.014,6.466,0.008,12930,-1.666,-2.57,0.646
12940,-6.512,5.706,0.52,12940,-1.826,-2.378,0.58
12950,-6.176,5.462,0.98,12950,-1.966,-2.158,0.462
12960,-5.848,5.794,0.718,12960,-2.128,-1.916,0.314
12970,-5.972,6.088,0.228,12970,-2.376,-1.71,0.154
12980,-5.688,6.212,0.136,12980,-2.648,-1.532,-0.052
12990,-4.776,6.706,0.972,12990,-2.834,-1.406,-0.31
13000,-3.65,6.87,1.972,13000,-2.888,-1.326,-0.598
13010,-2.59,6.392,2.586,13010,-2.812,-1.216,-0.88
13020,-1.722,5.892,3.348,13020,-2.682,-1.102,-1.174
13030,-0.864,5.772,3.802,13030,-2.526,-1.028,-1.466
13040,0.142,5.794,4.052,13040,-2.336,-0.91,-1.706
13050,0.964,6.28,4.294,13050,-2.05,-0.772,-1.892
13060,1.58,7.364,4.106,13060,-1.746,-0.672,-2.052
13070,2.406,8.302,4.194,13070,-1.452,-0.61,-2.146
13080,3.198,8.818,4.92,13080,-1.056,-0.542,-2.142
13090,3.784,8.928,5.744,13090,-0.81,-0.506,-2.138
13100,4.718,8.98,6.572,13100,-0.694,-0.47,-2.084
13110,6.15,9.274,7.296,13110,-0.596,-0.448,-1.898
13120,7.274,9.442,8.418,13120,-0.768,-0.468,-1.688
13130,8.318,9.864,9.484,13130,-1.132,-0.482,-1.518
13140,9.44,10.7,9.974,13140,-1.43,-0.482,-1.31
13150,10.338,10.93,10.834,13150,-1.676,-0.506,-1.088
13160,11.322,10.186,11.854,13160,-1.844,-0.588,-0.966
13170,12.256,9.24,12.25,13170,-1.93,-0.676,-0.904
13180,12.724,7.946,12.082,13180,-1.88,-0.722,-0.868
13190,12.592,6.402,11.814,13190,-1.684,-0.712,-0.83
13200,12.494,4.83,11.22,13200,-1.462,-0.68,-0.746
13210,12.6,3.378,10.118,13210,-1.314,-0.604,-0.642
13220,12.59,2.53,8.724,13220,-1.252,-0.52,-0.558
13230,12.298,2.156,7.478,13230,-1.298,-0.506,-0.476
13240,11.788,2.028,6.32,13240,-1.4,-0.496,-0.37
13250,10.902,2.482,5.91,13250,-1.528,-0.528,-0.256
13260,9.632,3.124,5.634,13260,-1.628,-0.53,-0.158
13270,8.546,3.446,5.346,13270,-1.616,-0.49,-0.068
13280,7.696,3.57,4.78,13280,-1.524,-0.45,-0.026
13290,7.414,3.372,3.95,13290,-1.384,-0.452,-0.022
13300,7.496,2.716,3.386,13300,-1.176,-0.478,0.008
13310,7.27,1.61,3.144,13310,-0.958,-0.48,0.038
13320,6.75,0.65,3.032,13320,-0.812,-0.44,0.038
13330,6.386,-0.074,2.556,13330,-0.742,-0.396,0.008
13340,6.354,-0.61,2.138,13340,-0.734,-0.348,-0.014
13350,6.384,-0.848,2.898,13350,-0.702,-0.294,-0.024
13360,5.996,-0.772,3.828,13360,-0.68,-0.288,-0.058
13370,5.39,-0.816,3.768,13370,-0.742,-0.342,-0.114
13380,5.004,-1.182,3.85,13380,-0.736,-0.396,-0.182
13390,4.656,-1.536,4.516,13390,-0.666,-0.428,-0.274
13400,4.446,-1.976,5.12,13400,-0.572,-0.428,-0.376
13410,4.502,-2.25,5.308,13410,-0.362,-0.396,-0.49
13420,4.616,-2.4,5.488,13420,-0.158,-0.364,-0.602
13430,4.764,-2.576,5.34,13430,-0.078,-0.346,-0.716
13440,4.926,-2.544,5.206,13440,-0.086,-0.338,-0.804
13450,4.756,-2.05,5.706,13450,-0.154,-0.332,-0.84
13460,4.286,-1.318,6.228,13460,-0.234,-0.326,-0.858
13470,3.754,-0.492,6.546,13470,-0.294,-0.322,-0.884
13480,3.392,0.218,6.458,13480,-0.33,-0.316,-0.914
13490,3.294,0.664,6.452,13490,-0.314,-0.264,-0.93
13500,3.372,0.792,6.656,13500,-0.264,-0.202,-0.926
13510,3.528,0.64,6.796,13510,-0.26,-0.15,-0.892
13520,3.954,0.536,7.042,13520,-0.274,-0.06,-0.82
13530,4.402,0.65,7.296,13530,-0.264,0.03,-0.714
13540,4.884,0.936,7.56,13540,-0.268,0.06,-0.628
13550,5.386,1.24,7.664,13550,-0.312,0.058,-0.602
13560,5.49,1.512,7.616,13560,-0.32,0.074,-0.62
13570,4.944,1.714,7.316,13570,-0.276,0.086,-0.654
13580,4.412,1.732,6.908,13580,-0.25,0.092,-0.71
13590,4.192,1.642,6.782,13590,-0.21,0.144,-0.79
13600,4.168,1.59,6.674,13600,-0.122,0.23,-0.866
13610,4.34,1.55,6.72,13610,-0.04,0.304,-0.948
13620,4.722,1.632,7.072,13620,0.028,0.35,-1.048
13630,5.004,1.956,7.504,13630,0.088,0.376,-1.138
13640,4.848,2.098,7.93,13640,0.134,0.356,-1.276
13650,4.192,2.126,8.442,13650,0.092,0.352,-1.46
13660,3.58,2.196,8.876,13660,-0.08,0.39,-1.62
13670,3.51,2.11,9.286,13670,-0.332,0.426,-1.738
13680,4.386,2.056,10.048,13680,-0.542,0.426,-1.828
13690,5.908,2.15,10.988,13690,-0.574,0.392,-1.904
13700,7.244,2.334,11.782,13700,-0.458,0.316,-1.962
13710,8.062,2.248,12.05,13710,-0.34,0.182,-1.954
13720,8.338,2.058,12.11,13720,-0.302,0.002,-1.902
13730,8.11,2.156,12.03,13730,-0.392,-0.19,-1.85
13740,7.722,2.682,11.958,13740,-0.574,-0.354,-1.784
13750,7.324,3.39,11.712,13750,-0.72,-0.49,-1.702
13760,7.028,4.186,11.34,13760,-0.73,-0.61,-1.634
13770,7.144,4.938,10.536,13770,-0.676,-0.706,-1.544
13780,7.394,5.354,9.648,13780,-0.604,-0.808,-1.436
13790,7.312,5.404,8.87,13790,-0.516,-0.934,-1.324
13800,7.004,5.308,8.526,13800,-0.458,-1.054,-1.198
13810,6.64,5.25,8.192,13810,-0.452,-1.152,-1.068
13820,6.294,5.35,7.91,13820,-0.498,-1.268,-0.956
13830,6.298,5.554,7.4,13830,-0.58,-1.384,-0.842
13840,6.646,5.83,6.94,13840,-0.592,-1.502,-0.694
13850,7.136,6.074,6.366,13850,-0.468,-1.634,-0.528
13860,7.818,6.072,5.846,13860,-0.3,-1.77,-0.37
13870,8.572,5.778,5.2,13870,-0.104,-1.898,-0.216
13880,9.024,5.576,4.366,13880,0.076,-2.032,-0.034
13890,9.068,5.456,3.854,13890,0.208,-2.162,0.142
13900,8.728,5.448,3.468,13900,0.302,-2.306,0.294
13910,8.238,5.434,3.122,13910,0.374,-2.45,0.434
13920,7.892,5.27,2.742,13920,0.482,-2.538,0.586
13930,7.68,4.952,2.502,13930,0.638,-2.598,0.736
13940,7.874,4.604,2.358,13940,0.824,-2.676,0.868
13950,8.338,4.466,2.032,13950,1.016,-2.738,0.998
13960,8.68,4.614,1.944,13960,1.218,-2.764,1.106
13970,8.746,4.83,1.984,13970,1.372,-2.798,1.188
13980,8.996,4.886,1.77,13980,1.46,-2.824,1.286
13990,9.458,4.79,1.778,13990,1.502,-2.822,1.392
14000,9.708,4.608,2.152,14000,1.492,-2.808,1.502
14010,10.184,4.404,2.47,14010,1.524,-2.818,1.656
14020,11.102,4.41,2.576,14020,1.66,-2.888,1.884
14030,12.104,4.508,2.842,14030,1.858,-3.008,2.124
14040,12.868,4.54,2.812,14040,2.056,-3.13,2.318
14050,13.55,4.372,2.53,14050,2.214,-3.264,2.472
14060,14.364,3.99,2.366,14060,2.36,-3.418,2.588
14070,15.33,3.524,2.278,14070,2.5,-3.576,2.68
14080,16.186,3.056,2,14080,2.584,-3.76,2.766
14090,16.902,2.962,1.244,14090,2.682,-3.956,2.842
14100,17.4,3.334,0.606,14100,2.888,-4.104,2.962
14110,17.776,3.6,0.028,14110,3.2,-4.212,3.1
14120,18.628,3.372,-0.372,14120,3.562,-4.276,3.24
14130,20.002,2.796,-0.91,14130,3.906,-4.314,3.388
14140,21.326,2.268,-1.664,14140,4.118,-4.36,3.522
14150,22.392,2.06,-2.56,14150,4.246,-4.394,3.626
14160,22.792,2.28,-3.42,14160,4.332,-4.43,3.704
14170,22.66,2.864,-4.29,14170,4.38,-4.496,3.73
14180,22.354,3.492,-5.002,14180,4.498,-4.528,3.76
14190,21.8,3.974,-5.704,14190,4.692,-4.498,3.796
14200,21.16,4.196,-6.48,14200,4.892,-4.468,3.806
14210,20.836,4.12,-7.504,14210,5.034,-4.434,3.818
14220,20.1,3.59,-8.344,14220,5.106,-4.354,3.848
14230,18.656,3.034,-9.052,14230,5.134,-4.184,3.91
14240,17.222,2.728,-10.05,14240,5.164,-4.01,3.93
14250,15.954,2.674,-11.002,14250,5.226,-3.87,3.852
14260,14.652,2.444,-11.906,14260,5.26,-3.652,3.662
14270,13.184,2.11,-12.894,14270,5.148,-3.344,3.316
14280,11.902,1.786,-13.808,14280,4.746,-3.106,2.67
14290,10.544,1.444,-14.548,14290,3.806,-2.916,1.43
14300,8.378,0.93,-15.158,14300,2.26,-2.738,-0.72
14310,5.704,-0.568,-15.69,14310,0.656,-2.344,-3.828
14320,2.682,-4.276,-16.75,14320,1.01,-1.128,-6.768
14330,-0.784,-10.808,-20.24,14330,3.592,1.972,-9.174
14340,-3.15,-19.782,-26.672,14340,5.376,6.188,-12.158
14350,-2.814,-26.318,-33.606,14350,5.906,9.664,-13.854
14360,-1.962,-28.434,-39.214,14360,5.914,12.498,-13.484
14370,-10.698,-31.694,-39.214,14370,2.75,15.676,-15.37
14380,-30.424,-35.678,-39.106,14380,-2.004,18.28,-17.11
14390,-38.784,-24.12,-39.214,14390,-6.288,16.946,-15.746
14400,-38.784,1.108,-35.558,14400,-9.72,13.562,-11.786
14410,-38.57,24.904,-18.358,14410,-12.686,9.176,-8.054
14420,-38.784,38.618,6.314,14420,-14.144,7.346,-6.618
14430,-38.784,38.618,33.902,14430,-14.452,7.786,-4.038
14440,-38.78,37.972,39.226,14440,-8.754,7.676,-1.396
14450,-34.114,14.928,0.488,14450,-0.802,6.414,-1.772
14460,-26.314,-27.544,-15.27,14460,5.92,8.018,-2.862
14470,-29.178,-39.226,-8.874,14470,10.208,10.904,-3.878
14480,-17.944,-39.226,-28.614,14480,9.846,11.394,-4.312
14490,-2.982,-39.226,-1.15,14490,5.206,8.328,-4.63
14500,-5.068,-39.226,-1.264,14500,-1.242,4.082,-3.758
14510,-27.752,-25.936,-4.41,14510,-4.89,3.254,-2.242
14520,-38.784,8.892,-3.034,14520,-3.68,4.636,-1.522
14530,-38.784,37.292,9.188,14530,-0.956,5.3,-0.794
14540,-30.672,30.626,22.782,14540,-0.042,5.122,0.126
14550,-16.646,3.11,27.83,14550,-1.134,4.498,0.73
14560,-15.438,-5.194,25.686,14560,-2.44,3.872,1.18
14570,-19.276,4.802,23.45,14570,-2.964,3.756,1.61
14580,-23.652,16.87,24.482,14580,-2.59,3.748,1.862
14590,-23.772,18.026,24.28,14590,-1.524,3.49,1.874
14600,-19.678,10.416,23.97,14600,-0.126,3.218,1.694
14610,-17.81,1.5,23.886,14610,1.432,3.074,1.632
14620,-18.164,-3.426,24.486,14620,2.832,3.14,1.738
14630,-17.692,-5.044,24.534,14630,3.61,3.316,1.832
14640,-15.862,-5.692,22.888,14640,3.836,3.412,1.934
14650,-14.364,-3.028,21.342,14650,3.416,3.202,1.982
14660,-14.418,2.096,17.538,14660,2.4,2.71,1.938
14670,-15.76,6.724,14.388,14670,1.154,2.198,1.862
14680,-18.578,10.978,14.258,14680,0.268,1.916,1.832
14690,-21.23,14.916,15.224,14690,-0.168,1.82,1.788
14700,-21.232,15.66,14.656,14700,-0.1,1.888,1.808
14710,-19.326,14.004,15.698,14710,0.364,1.936,2.004
14720,-16.52,10.834,14.412,14720,0.882,1.702,2.254
14730,-13.86,7.436,11.612,14730,1.668,1.12,2.582
14740,-13.06,5.954,11.122,14740,2.47,0.322,2.942
14750,-13.938,4.648,10.424,14750,2.91,-0.322,2.98
14760,-15.488,4.206,10.564,14760,2.934,-0.696,2.808
14770,-16.174,4.654,9.558,14770,2.478,-0.814,2.688
14780,-15.486,5.534,9.818,14780,1.864,-0.694,2.64
14790,-13.204,8.012,9.402,14790,1.262,-0.566,2.726
14800,-10.066,10.654,7.754,14800,0.328,-0.458,2.64
14810,-7.598,12.926,8.236,14810,-0.776,-0.218,2.374
14820,-5.99,14.882,8.826,14820,-1.458,-0.122,2.278
14830,-5.14,13.826,8.424,14830,-1.86,-0.234,2.372
14840,-4.594,11.03,10.04,14840,-2.272,-0.532,2.39
14850,-4.564,9.494,10.008,14850,-2.518,-0.782,2.334
14860,-4.458,9.234,9.326,14860,-2.552,-0.966,2.25
14870,-4.596,8.83,9.302,14870,-2.346,-1.166,2.166
14880,-4.216,7.604,9.082,14880,-1.88,-1.342,2.052
14890,-3.576,5.93,8.762,14890,-1.354,-1.492,1.916
14900,-3.396,3.942,8.264,14900,-0.942,-1.58,1.776
14910,-3.528,2.48,8.188,14910,-0.648,-1.678,1.626
14920,-3.47,1.786,7.342,14920,-0.47,-1.844,1.454
14930,-3.282,1.594,6.556,14930,-0.134,-1.918,1.31
14940,-3.286,1.856,6.014,14940,0.278,-1.992,1.136
14950,-3.354,2.094,4.78,14950,0.376,-2.078,0.878
14960,-3.344,2.088,4.126,14960,0.482,-2.118,0.736
14970,-3.816,2.002,4.51,14970,0.552,-2.226,0.642
14980,-4.042,2.01,4.66,14980,0.234,-2.304,0.444
14990,-3.796,2.512,3.816,14990,-0.222,-2.266,0.234
15000,-4.06,3.782,4.284,15000,-0.544,-2.27,0.04
15010,-4.066,5.232,5.066,15010,-0.798,-2.346,-0.234
15020,-3.992,5.684,5.78,15020,-0.97,-2.434,-0.59
15030,-4.32,5.952,6.142,15030,-0.858,-2.542,-0.916
15040,-4.91,6.086,6.244,15040,-0.53,-2.596,-1.188
15050,-5.46,5.544,6.942,15050,-0.178,-2.564,-1.432
15060,-5.776,5.334,6.934,15060,0.116,-2.536,-1.602
15070,-5.534,5.66,7.06,15070,0.278,-2.566,-1.668
15080,-4.986,6.088,7.75,15080,0.228,-2.546,-1.67
15090,-4.728,6.51,9.288,15090,0.008,-2.502,-1.72
15100,-4.792,7.12,11.028,15100,-0.436,-2.492,-1.894
15110,-4.678,7.874,12.66,15110,-0.952,-2.5,-2.098
15120,-4.682,9.406,14.092,15120,-1.322,-2.498,-2.248
15130,-4.83,10.932,14.65,15130,-1.466,-2.498,-2.318
15140,-4.314,11.722,14.742,15140,-1.34,-2.51,-2.29
15150,-3.436,12.244,14.692,15150,-1.036,-2.56,-2.202
15160,-2.686,12.458,14.486,15160,-0.852,-2.66,-2.11
15170,-2.164,12.128,14.278,15170,-0.856,-2.77,-1.998
15180,-1.72,11.8,14.614,15180,-1.058,-2.888,-1.882
15190,-1.112,11.706,15.006,15190,-1.476,-3.004,-1.786
15200,-0.226,12.128,15.248,15200,-1.92,-3.09,-1.672
15210,0.686,13.032,14.848,15210,-2.208,-3.12,-1.558
15220,1.486,13.774,13.708,15220,-2.364,-3.094,-1.474
15230,2.124,13.504,11.924,15230,-2.432,-3.044,-1.392
15240,2.494,12.556,10.41,15240,-2.456,-2.988,-1.31
15250,2.576,11.516,9.274,15250,-2.488,-2.944,-1.252
15260,2.57,10.24,8.012,15260,-2.516,-2.91,-1.208
15270,2.438,9.086,6.96,15270,-2.48,-2.868,-1.15
15280,2.252,8.396,6.094,15280,-2.416,-2.818,-1.082
15290,2.172,7.792,5.164,15290,-2.318,-2.782,-1.052
15300,2.19,7.118,4.182,15300,-2.19,-2.766,-1.048
15310,2.208,6.49,3.592,15310,-2.102,-2.736,-1.068
15320,2.088,5.988,3.158,15320,-2.11,-2.682,-1.128
15330,1.91,5.716,2.486,15330,-2.15,-2.624,-1.156
15340,1.83,5.65,1.932,15340,-2.162,-2.584,-1.156
15350,1.716,5.854,1.702,15350,-2.13,-2.562,-1.148
15360,1.572,6.032,1.22,15360,-2.074,-2.518,-1.166
15370,1.292,5.772,0.53,15370,-2.072,-2.468,-1.23
15380,1.074,5.366,0.178,15380,-2.062,-2.432,-1.306
15390,1.088,4.97,0.23,15390,-1.976,-2.386,-1.356
15400,1.208,4.516,0.472,15400,-1.84,-2.302,-1.376
15410,1.364,4.096,0.124,15410,-1.676,-2.188,-1.4
15420,1.68,3.676,-0.44,15420,-1.46,-2.062,-1.428
15430,2.134,3.186,-0.87,15430,-1.2,-1.92,-1.438
15440,2.566,2.676,-1.182,15440,-0.954,-1.756,-1.452
15450,2.904,2.308,-1.46,15450,-0.768,-1.594,-1.494
15460,3.31,2.104,-1.626,15460,-0.662,-1.46,-1.548
15470,3.688,1.98,-1.554,15470,-0.624,-1.33,-1.594
15480,4.014,1.992,-1.156,15480,-0.632,-1.18,-1.648
15490,4.412,2.03,-0.73,15490,-0.694,-0.988,-1.73
15500,5.064,1.942,-0.372,15500,-0.764,-0.774,-1.786
15510,6.008,1.728,0.198,15510,-0.744,-0.548,-1.774
15520,7.002,1.466,0.53,15520,-0.622,-0.316,-1.724
15530,8.054,1.412,0.816,15530,-0.49,-0.106,-1.704
15540,9.08,1.564,1.2,15540,-0.4,0.044,-1.7
15550,9.856,1.71,1.534,15550,-0.364,0.156,-1.67
15560,10.264,1.926,2.194,15560,-0.348,0.24,-1.61
15570,10.514,2.374,3.148,15570,-0.306,0.28,-1.526
15580,10.764,2.888,4.128,15580,-0.238,0.274,-1.442
15590,10.874,3.316,5.048,15590,-0.132,0.254,-1.39
15600,10.828,3.714,5.622,15600,0.022,0.202,-1.382
15610,10.58,4.058,6.404,15610,0.118,0.142,-1.424
15620,10.164,4.414,6.89,15620,0.118,0.152,-1.46
15630,9.702,4.874,7.326,15630,0.062,0.214,-1.466
15640,9.332,5.6,7.904,15640,-0.014,0.214,-1.446
15650,9.2,6.62,8.482,15650,-0.082,0.174,-1.36
15660,9.064,7.56,9.142,15660,-0.152,0.114,-1.218
15670,8.316,8.134,9.596,15670,-0.244,0.05,-1.038
15680,7.506,8.468,9.692,15680,-0.352,0.008,-0.838
15690,7.006,8.62,9.608,15690,-0.422,-0.014,-0.642
15700,6.9,8.746,9.492,15700,-0.436,-0.042,-0.462
15710,7.206,8.616,9.126,15710,-0.424,-0.082,-0.31
15720,7.544,8.264,8.74,15720,-0.378,-0.148,-0.188
15730,7.556,7.82,8.408,15730,-0.34,-0.214,-0.088
15740,7.3,7.202,8.054,15740,-0.336,-0.272,0.018
15750,6.896,6.598,7.69,15750,-0.366,-0.368,0.12
15760,6.564,6.25,7.636,15760,-0.422,-0.478,0.176
15770,6.252,6.134,7.594,15770,-0.47,-0.566,0.198
15780,5.888,5.982,7.394,15780,-0.52,-0.63,0.198
15790,5.798,5.654,6.994,15790,-0.53,-0.656,0.176
15800,6.128,5.304,6.274,15800,-0.492,-0.644,0.14
15810,6.61,4.96,5.542,15810,-0.43,-0.638,0.104
15820,7.134,4.654,4.724,15820,-0.356,-0.648,0.068
15830,7.512,4.384,3.896,15830,-0.29,-0.682,0.04
15840,7.56,4.278,3.678,15840,-0.21,-0.726,0.04
15850,7.358,4.326,3.814,15850,-0.086,-0.75,0.068
15860,7.182,4.424,4.102,15860,0.044,-0.74,0.112
15870,7.078,4.496,4.118,15870,0.16,-0.724,0.166
15880,7.21,4.646,4.052,15880,0.244,-0.698,0.226
15890,7.376,4.886,4.252,15890,0.266,-0.678,0.286
15900,7.38,5.108,4.476,15900,0.218,-0.642,0.34
15910,7.292,5.4,4.642,15910,0.158,-0.578,0.392
15920,7.1,5.812,4.95,15920,0.104,-0.538,0.428
15930,7.03,6.148,5.096,15930,0.034,-0.49,0.442
15940,6.99,6.322,5.026,15940,0,-0.416,0.486
15950,6.712,6.3,5.056,15950,-0.03,-0.372,0.514
15960,6.196,6.268,5.002,15960,-0.062,-0.334,0.508
15970,5.812,6.228,4.836,15970,-0.072,-0.296,0.492
15980,5.404,6.112,4.922,15980,-0.052,-0.274,0.464
15990,5.156,5.996,4.976,15990,-0.016,-0.266,0.43
16000,5.144,5.832,5.038,16000,-0.01,-0.254,0.402
16010,5.098,5.51,5.09,16010,-0.044,-0.266,0.378
16020,5.098,5.282,5.178,16020,-0.116,-0.308,0.348
16030,5.246,5.196,5.344,16030,-0.194,-0.346,0.322
16040,5.3,5.238,5.558,16040,-0.22,-0.372,0.314
16050,5.372,5.288,5.714,16050,-0.186,-0.394,0.344
16060,5.636,5.352,5.87,16060,-0.134,-0.44,0.39
16070,6.006,5.434,5.832,16070,-0.056,-0.494,0.416
16080,6.342,5.606,5.72,16080,0.042,-0.548,0.42
16090,6.566,5.62,5.69,16090,0.126,-0.618,0.412
16100,6.822,5.384,5.49,16100,0.176,-0.684,0.426
16110,7.168,5.056,5.464,16110,0.204,-0.748,0.446
16120,7.456,4.88,5.476,16120,0.232,-0.83,0.464
16130,7.828,5.018,5.432,16130,0.256,-0.916,0.486
16140,8.088,5.214,5.312,16140,0.304,-0.974,0.526
16150,8.176,5.376,5.144,16150,0.4,-1.026,0.57
16160,8.208,5.514,4.892,16160,0.474,-1.082,0.61
16170,8.384,5.534,4.53,16170,0.52,-1.118,0.63
16180,8.504,5.508,4.18,16180,0.548,-1.134,0.648
16190,8.498,5.53,3.984,16190,0.552,-1.176,0.68
16200,8.73,5.62,3.894,16200,0.564,-1.244,0.748
16210,9,5.742,3.936,16210,0.632,-1.322,0.852
16220,9.15,5.678,3.99,16220,0.78,-1.374,0.99
16230,9.494,5.444,4.076,16230,0.952,-1.394,1.118
16240,10.304,5.016,4.106,16240,1.072,-1.402,1.224
16250,11.576,4.64,3.852,16250,1.186,-1.444,1.378
16260,12.752,4.384,3.754,16260,1.28,-1.568,1.576
16270,13.252,4.3,3.706,16270,1.392,-1.742,1.778
16280,13.1,4.528,3.32,16280,1.544,-1.928,1.98
16290,12.56,4.796,3.116,16290,1.716,-2.1,2.142
16300,12.326,4.946,2.852,16300,1.92,-2.238,2.302
16310,12.824,4.874,2.574,16310,2.124,-2.352,2.47
16320,13.696,4.506,2.464,16320,2.302,-2.45,2.636
16330,14.74,3.962,2.522,16330,2.466,-2.54,2.818
16340,15.572,3.294,2.608,16340,2.6,-2.656,3.02
16350,15.988,2.68,2.64,16350,2.7,-2.768,3.218
16360,16.074,2.23,2.478,16360,2.746,-2.866,3.388
16370,15.97,2.116,2.282,16370,2.768,-2.942,3.488
16380,15.99,2.236,2,16380,2.774,-2.986,3.532
16390,16.222,2.164,1.746,16390,2.804,-3.03,3.552
16400,16.588,1.94,1.478,16400,2.898,-3.092,3.558
16410,16.756,1.776,1.138,16410,3.052,-3.132,3.574
16420,16.434,1.678,0.608,16420,3.186,-3.186,3.556
16430,15.712,1.698,-0.082,16430,3.234,-3.22,3.506
16440,15.006,1.814,-0.864,16440,3.258,-3.224,3.46
16450,14.166,1.848,-1.458,16450,3.334,-3.242,3.398
16460,13.28,1.976,-2.15,16460,3.428,-3.234,3.324
16470,12.5,2.32,-2.902,16470,3.566,-3.216,3.208
16480,11.492,2.572,-3.768,16480,3.798,-3.202,3.082
16490,10.638,2.56,-4.804,16490,4.064,-3.156,2.976
16500,9.89,2.368,-5.916,16500,4.236,-3.124,2.808
16510,9.262,2.338,-6.956,16510,4.298,-3.062,2.624
16520,8.88,2.486,-7.778,16520,4.326,-2.966,2.504
16530,8.084,2.536,-8.112,16530,4.37,-2.876,2.458
16540,7.164,2.662,-8.85,16540,4.42,-2.76,2.492
16550,6.484,2.76,-10.158,16550,4.394,-2.572,2.53
16560,6.018,2.51,-11.722,16560,4.348,-2.32,2.534
16570,6.13,2.204,-13.094,16570,4.158,-2.008,2.322
16580,6.358,1.698,-14.716,16580,3.564,-1.666,1.738
16590,6.248,1.1,-16.94,16590,2.502,-1.176,0.656
16600,5.346,0.288,-19.624,16600,1.378,-0.556,-1.098
16610,3.554,-1.238,-22.616,16610,1.228,-0.038,-3.25
16620,1.57,-4.904,-26.704,16620,2.052,1.088,-5.486
16630,-1.422,-11.116,-29.824,16630,3.232,3.502,-7.844
16640,-5.03,-18.52,-34.666,16640,4.242,6.608,-10.098
16650,-4.092,-27.068,-39.092,16650,4.68,9.61,-11.728
16660,-0.246,-32.822,-38.052,16660,4.992,11.752,-12.542
16670,-3.286,-32.744,-38.848,16670,3.382,13.456,-14.362
16680,-18.852,-30.562,-39.214,16680,-0.422,15.318,-16.026
16690,-38.594,-23.328,-39.074,16690,-4.226,15.72,-16.178
16700,-38.784,-8.378,-28.664,16700,-6.686,13.178,-14.798
16710,-38.476,9.262,-6.962,16710,-10.258,10.142,-12.17
16720,-38.742,26.806,11.526,16720,-12.414,5.462,-8.456
16730,-38.784,38.618,29.774,16730,-9.568,4.634,-3.992
16740,-38.78,38.618,39.226,16740,-5.626,5.564,-3.118
16750,-38.782,19.294,29.988,16750,-4.614,6.27,-4.836
16760,-29.42,-8.486,13.304,16760,-3.418,8.584,-4.436
16770,-12.95,-16.856,-11.972,16770,0.208,10.162,-2.166
16780,-9.954,-23.824,-8.41,16780,3.726,9.56,-0.916
16790,-2.422,-22.794,8.43,16790,6.006,7.458,-0.16
16800,-7.198,-19.794,6.762,16800,7.15,4.816,0.188
16810,-28.772,-23.904,4.636,16810,7.44,3.902,0.008
16820,-38.784,-21.542,0.956,16820,6.954,4.382,-0.214
16830,-38.784,-6.682,11.26,16830,5.874,4.406,-0.418
16840,-35.344,5.686,24.464,16840,4.064,4.006,-0.534
16850,-25.278,12.718,29.654,16850,1.672,3.598,-0.316
16860,-21.128,19.822,27.346,16860,-0.502,3.126,-0.024
16870,-22.23,26.974,27.604,16870,-1.794,2.628,0.098
16880,-23.132,31.072,31.2,16880,-2.066,2.176,0.14
16890,-23.376,29.218,32.496,16890,-1.458,1.902,0.198
16900,-22.828,21.062,31.076,16900,-0.332,1.868,0.262
16910,-21.038,11.364,28.89,16910,0.888,1.842,0.38
16920,-19.028,4.076,27.478,16920,1.784,1.708,0.498
16930,-17.436,-0.082,25.342,16930,2.044,1.518,0.508
16940,-16.664,-1.574,23.25,16940,1.754,1.278,0.494
16950,-16.662,0.21,22.016,16950,1.058,1.05,0.53
16960,-16.618,4.176,20.332,16960,0.162,0.962,0.618
16970,-16.06,8.088,18.34,16970,-0.556,0.982,0.758
16980,-14.852,10.502,16.744,16980,-1.052,1.024,0.858
16990,-13.112,10.944,14.344,16990,-1.376,1.022,0.81
17000,-11.794,9.918,12.046,17000,-1.546,0.9,0.736
17010,-11.616,8.118,11.132,17010,-1.56,0.742,0.714
17020,-12.25,6.294,11.502,17020,-1.324,0.56,0.744
17030,-12.188,4.918,9.132,17030,-0.808,0.372,0.804
17040,-11.25,4.042,8.186,17040,-0.174,0.22,0.888
17050,-10.472,3.224,8.478,17050,0.348,0.068,0.984
17060,-9.926,2.748,8.48,17060,0.724,-0.072,1.148
17070,-9.68,2.876,8.588,17070,1.052,-0.232,1.446
17080,-9.844,3.512,8.25,17080,1.442,-0.424,1.806
17090,-9.9,4.408,7.236,17090,1.668,-0.618,2.076
17100,-9.992,4.782,6.714,17100,1.656,-0.732,2.196
17110,-10.29,5.146,6.376,17110,1.442,-0.846,2.306
17120,-10.23,5.444,5.796,17120,1.082,-0.992,2.424
17130,-9.944,6.228,6.594,17130,0.746,-1.13,2.492
17140,-9.758,8.062,6.27,17140,0.458,-1.332,2.584
17150,-9.48,9.41,5.402,17150,0.386,-1.488,2.816
17160,-9.246,9.726,5.444,17160,0.614,-1.454,3.166
17170,-8.936,9.462,4.846,17170,0.64,-1.466,3.33
17180,-8.706,9.346,4.488,17180,0.288,-1.546,3.288
17190,-8.82,9.858,5.444,17190,-0.15,-1.534,3.254
17200,-9.434,10.768,6.234,17200,-0.64,-1.498,3.148
17210,-9.43,11.292,6.346,17210,-1.118,-1.452,2.944
17220,-8.32,11.542,7.394,17220,-1.282,-1.478,2.87
17230,-6.93,11.572,8.088,17230,-1.276,-1.54,2.79
17240,-5.894,10.66,6.826,17240,-1.182,-1.518,2.632
17250,-4.996,8.978,5.584,17250,-0.804,-1.558,2.52
17260,-4.266,5.974,4.062,17260,-0.236,-1.472,2.452
17270,-3.842,3.598,4.788,17270,-0.014,-1.442,2.234
17280,-3.806,3.058,4.974,17280,-0.234,-1.552,1.884
17290,-3.156,3.158,3.75,17290,-0.258,-1.596,1.738
17300,-3.162,2.85,4.616,17300,-0.132,-1.586,1.652
17310,-3.582,2.46,5.09,17310,-0.106,-1.552,1.492
17320,-3.188,2.574,4.12,17320,-0.022,-1.444,1.346
17330,-2.748,3.146,3.23,17330,0.068,-1.342,1.224
17340,-2.298,3.382,3.274,17340,0.046,-1.29,1.088
17350,-1.852,3.248,3.158,17350,-0.074,-1.258,0.946
17360,-2.038,3.22,3.184,17360,-0.282,-1.248,0.792
17370,-2.49,3.52,3.102,17370,-0.514,-1.276,0.59
17380,-2.872,3.988,3.042,17380,-0.664,-1.328,0.37
17390,-3.11,4.292,3.358,17390,-0.676,-1.338,0.158
17400,-3.418,4.326,3.478,17400,-0.506,-1.304,-0.01
17410,-3.708,3.858,2.964,17410,-0.254,-1.24,-0.12
17420,-3.726,3.084,2.534,17420,-0.06,-1.16,-0.23
17430,-3.714,2.758,1.892,17430,0.004,-1.094,-0.394
17440,-3.886,2.864,1.318,17440,-0.046,-1.058,-0.584
17450,-4.224,3.282,1.338,17450,-0.152,-1.05,-0.77
17460,-4.686,3.744,1.722,17460,-0.248,-1.066,-0.928
17470,-5.18,4.148,1.8,17470,-0.334,-1.106,-1.074
17480,-5.384,4.738,1.658,17480,-0.3,-1.166,-1.204
17490,-5.32,5.478,1.344,17490,-0.114,-1.23,-1.32
17500,-5.04,6.1,1.254,17500,0.074,-1.3,-1.472
17510,-4.408,6.442,0.626,17510,0.24,-1.31,-1.678
17520,-3.54,6.75,1.004,17520,0.376,-1.324,-1.898
17530,-2.55,6.94,1.382,17530,0.49,-1.36,-2.116
17540,-1.13,7.194,1.662,17540,0.628,-1.376,-2.336
17550,0.14,7.758,2.26,17550,0.722,-1.376,-2.566
17560,1.272,8.578,2.638,17560,0.694,-1.364,-2.764
17570,2.468,9.568,3.292,17570,0.528,-1.266,-2.878
17580,3.582,10.334,4.134,17580,0.332,-1.112,-2.91
17590,4.496,10.914,5.256,17590,0.16,-1.004,-2.838
17600,5.366,11.29,7.07,17600,-0.004,-0.908,-2.682
17610,5.936,11.628,8.588,17610,-0.156,-0.82,-2.51
17620,6.074,12.056,9.658,17620,-0.352,-0.784,-2.366
17630,6.24,12.288,10.57,17630,-0.548,-0.748,-2.26
17640,6.538,12.646,11.548,17640,-0.752,-0.736,-2.236
17650,6.742,12.972,11.942,17650,-0.946,-0.776,-2.248
17660,6.996,13.26,12.074,17660,-0.992,-0.802,-2.186
17670,6.946,13.472,13.02,17670,-0.854,-0.822,-2.036
17680,6.428,13.138,13.552,17680,-0.656,-0.868,-1.834
17690,6.116,12.18,13.474,17690,-0.528,-0.956,-1.632
17700,5.712,11.168,13.348,17700,-0.526,-1.102,-1.476
17710,5.036,10.562,13.378,17710,-0.74,-1.296,-1.368
17720,4.034,10.434,13.598,17720,-1.144,-1.52,-1.308
17730,2.732,10.872,13.49,17730,-1.608,-1.732,-1.262
17740,1.524,11.506,13.094,17740,-1.982,-1.91,-1.208
17750,0.6,11.874,12.58,17750,-2.21,-2.04,-1.16
17760,0.142,11.528,11.924,17760,-2.324,-2.106,-1.14
17770,0.002,10.512,10.896,17770,-2.326,-2.11,-1.138
17780,0.014,9.252,9.592,17780,-2.222,-2.096,-1.15
17790,0.146,7.882,8.384,17790,-2.062,-2.088,-1.168
17800,0.312,6.604,7.344,17800,-1.896,-2.072,-1.186
17810,0.252,5.6,6.544,17810,-1.766,-2.064,-1.214
17820,-0.026,4.974,5.844,17820,-1.708,-2.088,-1.242
17830,-0.332,4.786,5.432,17830,-1.75,-2.146,-1.268
17840,-0.834,4.982,5.122,17840,-1.878,-2.198,-1.298
17850,-1.436,5.454,4.868,17850,-2.016,-2.208,-1.318
17860,-1.96,5.978,4.598,17860,-2.066,-2.198,-1.334
17870,-2.348,6.288,4.464,17870,-2.046,-2.204,-1.362
17880,-2.578,6.368,4.346,17880,-2,-2.24,-1.416
17890,-2.76,6.24,4.108,17890,-1.912,-2.288,-1.49
17900,-2.912,5.78,3.896,17900,-1.74,-2.276,-1.532
17910,-2.946,5.174,3.76,17910,-1.492,-2.234,-1.566
17920,-2.812,4.69,3.364,17920,-1.282,-2.176,-1.652
17930,-2.374,4.332,3.068,17930,-1.152,-2.124,-1.792
17940,-2.156,4.224,3.028,17940,-1.056,-2.072,-1.898
17950,-2.244,4.376,3.326,17950,-0.968,-2.044,-1.94
17960,-2.454,4.786,3.764,17960,-0.886,-2.012,-1.988
17970,-2.53,5.268,3.87,17970,-0.828,-1.938,-2.042
17980,-2.408,5.576,3.97,17980,-0.872,-1.864,-2.096
17990,-2.184,5.876,3.998,17990,-1.076,-1.804,-2.198
18000,-1.63,6.392,4.276,18000,-1.294,-1.758,-2.328
18010,-0.846,7.032,4.782,18010,-1.388,-1.66,-2.394
18020,-0.05,7.64,5.56,18020,-1.38,-1.54,-2.404
18030,0.904,8.416,5.858,18030,-1.28,-1.44,-2.4
18040,2.26,9.142,5.492,18040,-1.146,-1.374,-2.404
18050,3.566,9.642,5.632,18050,-1.038,-1.36,-2.37
18060,4.608,10.11,5.906,18060,-0.974,-1.36,-2.292
18070,5.29,10.526,6.256,18070,-0.938,-1.384,-2.214
18080,5.692,10.96,6.402,18080,-0.862,-1.404,-2.12
18090,6.198,11.628,6.346,18090,-0.732,-1.392,-1.988
18100,6.748,12.458,6.206,18100,-0.548,-1.328,-1.836
18110,7.326,13.004,5.924,18110,-0.332,-1.238,-1.666
18120,7.918,12.874,5.712,18120,-0.074,-1.16,-1.448
18130,8.358,12.434,5.392,18130,-0.16,-1.102,-1.272
18140,8.712,12.1,5.262,18140,-0.482,-0.992,-1.132
18150,9.116,12.076,5.142,18150,-0.708,-0.968,-0.88
18160,9.612,11.348,4.768,18160,-0.818,-0.856,-0.582
18170,9.986,11.134,5.758,18170,-0.996,-0.806,-0.388
18180,10.054,11.836,6.006,18180,-1.174,-0.788,-0.25
18190,10.25,12.258,5.132,18190,-1.156,-0.732,-0.064
18200,10.102,11.63,5.334,18200,-0.972,-0.698,0.106
18210,10.038,10.26,5.09,18210,-0.704,-0.698,0.242
18220,10.23,8.688,4.776,18220,-0.446,-0.718,0.388
18230,9.684,7.276,4.41,18230,-0.256,-0.698,0.546
18240,8.776,6.542,4.138,18240,-0.11,-0.682,0.696
18250,8.234,6.414,3.836,18250,-0.024,-0.712,0.828
18260,8.06,6.356,3.784,18260,-0.058,-0.796,0.928
18270,7.836,6.338,3.644,18270,-0.186,-0.89,0.972
18280,7.478,6.356,3.814,18280,-0.24,-0.96,1.016
18290,7.122,6.42,4.12,18290,-0.184,-0.996,1.07
18300,7.022,6.386,4.2,18300,-0.056,-1.052,1.116
18310,7.142,6.26,3.99,18310,0.138,-1.136,1.168
18320,7.226,5.936,3.656,18320,0.42,-1.232,1.238
18330,7.064,5.502,3.598,18330,0.75,-1.316,1.328
18340,6.806,5.148,3.614,18340,1.014,-1.402,1.43
18350,6.832,4.916,3.69,18350,1.154,-1.498,1.544
18360,7.184,4.896,4.002,18360,1.214,-1.57,1.646
18370,7.628,5.03,4.594,18370,1.146,-1.648,1.708
18380,8.1,5.258,4.744,18380,1.004,-1.718,1.77
18390,8.736,5.85,5.102,18390,0.902,-1.786,1.886
18400,9.226,6.694,6.022,18400,0.892,-1.908,2.07
18410,9.522,7.46,6.446,18410,0.956,-2.064,2.26
18420,9.694,8.068,6.304,18420,1.01,-2.238,2.392
18430,9.756,8.422,5.894,18430,1.022,-2.448,2.482
18440,10.12,8.584,5.546,18440,0.932,-2.718,2.53
18450,10.386,8.586,5.858,18450,0.916,-2.996,2.584
18460,10.49,8.4,6.068,18460,1.162,-3.204,2.718
18470,10.732,8.008,6.19,18470,1.55,-3.336,2.876
18480,11.426,7.418,6.24,18480,1.918,-3.478,3.004
18490,12.234,6.992,5.078,18490,2.174,-3.62,3.15
18500,12.82,6.826,3.97,18500,2.322,-3.786,3.302
18510,13.138,6.87,3.504,18510,2.384,-3.986,3.448
18520,13.602,7.03,3.156,18520,2.416,-4.154,3.606
18530,14.08,7.404,2.962,18530,2.562,-4.298,3.78
18540,14.808,7.96,2.352,18540,2.872,-4.414,3.982
18550,15.912,8.338,1.292,18550,3.284,-4.522,4.196
18560,16.798,8.31,0.312,18560,3.654,-4.618,4.408
18570,16.962,7.994,-0.646,18570,3.884,-4.674,4.622
18580,16.492,7.636,-1.792,18580,3.922,-4.758,4.798
18590,15.86,7.524,-2.592,18590,3.892,-4.864,4.914
18600,15.394,7.536,-3.118,18600,3.966,-4.974,5.006
18610,15.256,7.37,-3.676,18610,4.148,-5.1,5.016
18620,15.444,6.766,-4.5,18620,4.356,-5.198,4.912
18630,15.524,5.732,-5.65,18630,4.596,-5.232,4.73
18640,15.268,4.418,-6.726,18640,4.844,-5.172,4.578
18650,15.08,3.052,-7.768,18650,5.038,-5.068,4.428
18660,14.83,1.86,-9.18,18660,5.192,-4.98,4.246
18670,14.714,0.954,-10.728,18670,5.224,-4.87,4.026
18680,14.514,0.348,-12.158,18680,5.228,-4.682,3.7
18690,13.974,0,-13.826,18690,5.264,-4.46,3.266
18700,13.538,-0.314,-15.322,18700,4.966,-4.122,2.434
18710,12.234,-0.688,-17.342,18710,4.074,-3.546,0.856
18720,9.954,-1.118,-19.758,18720,2.976,-2.588,-1.65
18730,6.972,-2.67,-22.276,18730,2.668,-1.424,-4.686
18740,3.342,-6.47,-25.566,18740,3.556,0.282,-7.38
18750,-0.75,-12.562,-31.174,18750,4.396,4.316,-9.624
18760,-4.964,-19.624,-38.404,18760,5.628,9.794,-11.114
18770,-7.306,-26.794,-39.214,18770,7.596,13.838,-11.39
18780,-7.332,-32.176,-39.138,18780,6.866,15.526,-12.924
18790,-12.772,-32.646,-39.182,18790,2.582,17.268,-16.41
18800,-31.896,-27.06,-39.214,18800,-1.426,18.356,-18.49
18810,-38.784,-12.808,-39.066,18810,-6.3,16.174,-16.612
18820,-38.784,11.812,-28.834,18820,-10.616,13.91,-12.702
18830,-38.596,31.552,-7.424,18830,-12.52,10.746,-10.68
18840,-38.784,38.618,21.506,18840,-13.014,9.116,-6.454
18850,-38.784,38.618,39.226,18850,-9.058,6.466,-3.28
18860,-38.78,26.976,14.238,18860,-4.71,5.154,-2.848
18870,-38.784,-13.418,-11.336,18870,-1.394,8.43,-2.784
18880,-38.784,-27.826,-6.42,18880,5.208,11.886,-2.608
18890,-27.962,-34.786,-35.38,18890,10.128,11.23,-2.728
18900,-9.544,-39.226,-12.912,18900,9.984,8.97,-2.754
18910,-13.27,-39.226,2.396,18910,6.054,7.29,-3.41
18920,-36.136,-39.226,-8.602,18920,1.458,6.152,-3.36
18930,-38.784,-29.71,-13.124,18930,-1.874,5.862,-2.502
18940,-38.498,7.472,0.638,18940,-2.592,5.446,-1.64
18950,-38.676,34.658,16.372,18950,-1.994,5.046,-0.784
18960,-38.094,34.956,24.998,18960,-1.61,4.902,0.024
18970,-35.252,18.428,24.864,18970,-1.834,4.484,0.552
18980,-30.906,9.496,23.794,18980,-2.394,3.976,0.636
18990,-28.32,10.274,25.07,18990,-2.71,3.76,0.664
19000,-27.91,12.726,26.368,19000,-2.398,3.622,0.868
19010,-26.424,12.648,26.678,19010,-1.232,3.34,1.09
19020,-24.58,9.706,28.488,19020,0.624,2.93,1.332
19030,-23.386,5.514,28.614,19030,2.768,2.612,1.554
19040,-22.068,-0.276,26.194,19040,4.4,2.422,1.682
19050,-20.546,-5.278,25.284,19050,5.002,2.34,1.654
19060,-18.05,-6.584,23.322,19060,4.464,2.29,1.374
19070,-15.32,-3.092,19.686,19070,2.984,2.242,0.968
19080,-13.35,4.83,16.612,19080,1.044,2.184,0.67
19090,-13.06,13.266,15.678,19090,-0.904,2.114,0.552
19100,-13.558,19.434,15.518,19100,-2.264,2.062,0.606
19110,-14.102,23.036,15.962,19110,-2.684,1.806,0.844
19120,-14.34,23.326,16.774,19120,-2.338,1.338,1.194
19130,-13.95,19.956,17.884,19130,-1.432,0.762,1.65
19140,-13.592,14.508,17.458,19140,-0.104,0.16,2.228
19150,-13.24,9.372,16.636,19150,1.31,-0.298,2.83
19160,-12.376,5.122,15.492,19160,2.342,-0.46,3.32
19170,-11.052,2.412,13.934,19170,2.832,-0.35,3.642
19180,-9.106,1.438,12.014,19180,2.688,-0.116,3.822
19190,-6.818,2.314,10.574,19190,1.948,0.244,3.852
19200,-5.08,5.096,10.298,19200,0.78,0.658,3.72
19210,-4.178,8.61,10.206,19210,-0.638,0.9,3.55
19220,-4.182,11.542,9.774,19220,-1.91,0.82,3.416
19230,-5.564,13.446,9.058,19230,-2.77,0.486,3.348
19240,-7.934,13.916,8.296,19240,-3.226,0.042,3.288
19250,-10.744,12.88,7.474,19250,-3.266,-0.368,3.19
19260,-13.112,11.154,6.368,19260,-2.898,-0.654,3.044
19270,-14.414,8.93,5.57,19270,-2.47,-0.842,2.8
19280,-14.71,6.78,5.004,19280,-2.252,-1.004,2.574
19290,-14.592,5.736,5.048,19290,-1.916,-1.166,2.526
19300,-13.926,4.638,4.194,19300,-1.348,-1.24,2.63
19310,-13.68,3.748,4.392,19310,-0.876,-1.32,2.65
19320,-13.52,3.264,3.452,19320,-0.578,-1.376,2.59
19330,-13.652,4.116,3.05,19330,-0.418,-1.404,2.472
19340,-14.276,5.038,2.734,19340,-0.372,-1.388,2.34
19350,-14.438,5.58,2.484,19350,-0.396,-1.372,2.204
19360,-13.892,5.808,1.936,19360,-0.48,-1.404,2.01
19370,-13.052,5.972,1.102,19370,-0.614,-1.478,1.766
19380,-12.41,5.896,0.624,19380,-0.742,-1.512,1.518
19390,-12.168,5.71,0.384,19390,-0.782,-1.524,1.266
19400,-11.884,5.662,0.314,19400,-0.712,-1.522,1.046
19410,-11.258,5.338,0.218,19410,-0.504,-1.454,0.876
19420,-10.752,4.466,-0.014,19420,-0.248,-1.314,0.71
19430,-9.95,3.398,-0.508,19430,-0.052,-1.156,0.506
19440,-8.784,2.466,-0.606,19440,0.122,-0.996,0.334
19450,-7.662,1.88,-0.048,19450,0.28,-0.836,0.22
19460,-6.696,1.594,0.522,19460,0.354,-0.734,0.1
19470,-5.776,1.552,0.896,19470,0.356,-0.708,-0.024
19480,-5.038,1.6,1.348,19480,0.394,-0.726,-0.104
19490,-4.704,1.73,1.952,19490,0.494,-0.766,-0.112
19500,-4.67,1.822,2.206,19500,0.626,-0.832,-0.106
19510,-4.484,1.73,2.01,19510,0.732,-0.914,-0.142
19520,-4.234,1.57,1.97,19520,0.78,-1.002,-0.202
19530,-4.198,1.482,2.458,19530,0.76,-1.08,-0.256
19540,-4.282,1.696,3.246,19540,0.76,-1.146,-0.308
19550,-4.26,2.086,3.422,19550,0.758,-1.226,-0.392
19560,-4.032,2.324,3.424,19560,0.74,-1.344,-0.528
19570,-3.85,2.638,3.086,19570,0.772,-1.472,-0.656
19580,-3.89,2.984,2.748,19580,0.664,-1.592,-0.786
19590,-4.198,3.204,2.302,19590,0.42,-1.75,-1.002
19600,-4.612,3.63,1.726,19600,0.382,-1.928,-1.156
19610,-5.012,4.128,2.162,19610,0.51,-2.114,-1.214
19620,-5.65,4.866,2.776,19620,0.606,-2.302,-1.334
19630,-6.122,6.024,2.342,19630,0.592,-2.478,-1.54
19640,-6.42,6.988,2.13,19640,0.482,-2.628,-1.75
19650,-6.65,7.71,2.29,19650,0.372,-2.698,-1.92
19660,-6.614,8.828,2.82,19660,0.296,-2.67,-2.116
19670,-6.214,10.312,3.27,19670,0.266,-2.6,-2.386
19680,-5.342,11.75,3.462,19680,0.296,-2.49,-2.634
19690,-4.508,12.63,4.34,19690,0.414,-2.366,-2.788
19700,-3.938,12.61,5.104,19700,0.59,-2.268,-2.868
19710,-3.192,11.99,5.548,19710,0.74,-2.148,-2.898
19720,-2.34,11.262,6.416,19720,0.8,-1.978,-2.88
19730,-1.616,11.038,7.216,19730,0.712,-1.792,-2.834
19740,-0.792,11.356,7.696,19740,0.588,-1.642,-2.78
19750,0.044,11.852,8.298,19750,0.574,-1.562,-2.684
19760,0.42,12.022,9.276,19760,0.672,-1.516,-2.54
19770,0.194,11.77,10.17,19770,0.724,-1.492,-2.408
19780,-0.224,11.686,10.19,19780,0.676,-1.472,-2.318
19790,-0.346,12.02,9.996,19790,0.55,-1.464,-2.236
19800,-0.282,12.45,10.144,19800,0.368,-1.488,-2.132
19810,-0.214,12.746,10.45,19810,0.192,-1.54,-2
19820,-0.46,12.886,10.594,19820,0.076,-1.63,-1.854
19830,-1.108,12.844,10.354,19830,-0.01,-1.77,-1.72
19840,-1.756,12.632,9.83,19840,-0.106,-1.916,-1.604
19850,-2.366,12.298,9.534,19850,-0.186,-2.046,-1.486
19860,-2.942,11.87,9.208,19860,-0.238,-2.148,-1.356
19870,-3.072,11.178,8.88,19870,-0.292,-2.196,-1.232
19880,-2.814,10.156,8.52,19880,-0.382,-2.222,-1.144
19890,-2.254,9.17,7.83,19890,-0.49,-2.248,-1.088
19900,-1.51,8.468,7.262,19900,-0.608,-2.288,-1.032
19910,-1.086,7.876,6.822,19910,-0.74,-2.372,-0.98
19920,-1.114,7.316,6.104,19920,-0.826,-2.474,-0.924
19930,-1.484,6.76,5.62,19930,-0.832,-2.576,-0.868
19940,-2.054,6.046,5.004,19940,-0.834,-2.678,-0.856
19950,-2.578,5.31,4.384,19950,-0.896,-2.76,-0.9
19960,-3.088,4.94,3.732,19960,-0.992,-2.812,-0.948
19970,-3.676,4.96,3.236,19970,-1.058,-2.836,-0.98
19980,-4.054,5.072,2.998,19980,-1.084,-2.82,-1.002
19990,-4.136,5.09,2.854,19990,-1.068,-2.784,-1.05
20000,-4.094,4.922,2.772,20000,-1.028,-2.714,-1.13
20010,-3.942,4.86,2.758,20010,-0.926,-2.614,-1.198
20020,-3.732,4.786,2.73,20020,-0.818,-2.52,-1.24
20030,-3.472,4.762,2.83,20030,-0.782,-2.436,-1.252
20040,-3.186,4.996,3.214,20040,-0.806,-2.356,-1.246
20050,-3,5.48,3.646,20050,-0.818,-2.252,-1.228
20060,-2.814,6.058,4,20060,-0.772,-2.1,-1.22
20070,-2.706,6.75,4.568,20070,-0.704,-1.964,-1.262
20080,-2.476,7.698,5.214,20080,-0.68,-1.89,-1.362
20090,-2.252,8.806,5.562,20090,-0.722,-1.858,-1.446
20100,-2.32,9.926,6.178,20100,-0.794,-1.84,-1.488
20110,-2.502,10.896,6.726,20110,-0.868,-1.832,-1.53
20120,-2.278,11.528,6.804,20120,-0.948,-1.812,-1.602
20130,-1.848,12.008,6.874,20130,-1.002,-1.768,-1.67
20140,-1.488,12.724,6.872,20140,-1.012,-1.706,-1.746
20150,-1.144,13.592,6.728,20150,-0.948,-1.644,-1.824
20160,-0.69,14.21,6.244,20160,-0.81,-1.578,-1.882
20170,-0.136,14.352,6.004,20170,-0.638,-1.51,-1.898
20180,0.578,14.256,5.874,20180,-0.512,-1.41,-1.87
20190,1.478,14.066,5.778,20190,-0.42,-1.272,-1.764
20200,2.518,13.854,5.768,20200,-0.34,-1.128,-1.588
20210,3.662,13.658,5.986,20210,-0.348,-1.044,-1.422
20220,4.566,13.456,6.214,20220,-0.4,-1.022,-1.278
20230,5.174,13.19,6.27,20230,-0.472,-1.052,-1.136
20240,5.332,12.704,6.514,20240,-0.612,-1.074,-1.02
20250,5.39,12.104,6.784,20250,-0.812,-1.102,-0.924
20260,5.542,11.458,6.656,20260,-0.972,-1.118,-0.786
20270,5.666,10.888,6.336,20270,-1.012,-1.102,-0.616
20280,5.504,10.612,6.004,20280,-1.03,-1.1,-0.48
20290,5.492,10.346,5.73,20290,-1.03,-1.084,-0.344
20300,5.472,9.784,5.466,20300,-1.028,-1.08,-0.2
20310,5.192,9.08,5.294,20310,-1.05,-1.126,-0.082
20320,5.208,8.634,4.99,20320,-1.018,-1.17,0.014
20330,5.238,8.302,4.906,20330,-0.884,-1.186,0.106
20340,5.104,7.808,4.846,20340,-0.664,-1.198,0.19
20350,5.114,7.172,4.336,20350,-0.428,-1.196,0.272
20360,5.168,6.45,3.966,20360,-0.208,-1.206,0.356
20370,4.912,5.87,3.678,20370,-0.08,-1.24,0.436
20380,4.484,5.556,3.702,20380,-0.09,-1.286,0.48
20390,3.906,5.776,3.804,20390,-0.174,-1.322,0.5
20400,3.28,6.336,4.056,20400,-0.256,-1.35,0.514
20410,2.808,6.822,4.488,20410,-0.344,-1.378,0.546
20420,2.748,7.102,4.856,20420,-0.344,-1.394,0.616
20430,2.922,7.326,5.21,20430,-0.22,-1.396,0.72
20440,3.332,7.318,5.364,20440,-0.038,-1.374,0.826
20450,3.956,7.132,5.368,20450,0.136,-1.344,0.92
20460,4.622,7.014,5.51,20460,0.29,-1.348,1.02
20470,5.25,6.998,5.738,20470,0.42,-1.374,1.118
20480,5.72,7.08,6.246,20480,0.498,-1.404,1.196
20490,5.916,7.228,6.922,20490,0.512,-1.482,1.254
20500,5.872,7.35,7.344,20500,0.442,-1.626,1.294
20510,5.678,7.508,7.394,20510,0.334,-1.77,1.324
20520,5.566,7.618,7.346,20520,0.282,-1.884,1.386
20530,5.814,7.648,7.142,20530,0.366,-1.978,1.496
20540,6.722,7.598,7.132,20540,0.6,-2.084,1.64
20550,7.974,7.55,7.13,20550,0.878,-2.208,1.812
20560,8.982,7.216,6.888,20560,1.1,-2.364,1.968
20570,9.678,6.844,6.49,20570,1.356,-2.588,2.124
20580,10.244,6.526,5.976,20580,1.52,-2.85,2.29
20590,10.526,5.978,5.694,20590,1.474,-3.106,2.376
20600,10.654,5.924,5.166,20600,1.474,-3.372,2.5
20610,11.272,6.536,4.768,20610,1.678,-3.55,2.738
20620,12.26,7.01,5.238,20620,2.02,-3.66,3.016
20630,13.478,7.256,5.09,20630,2.472,-3.76,3.346
20640,14.91,7.416,3.68,20640,2.97,-3.9,3.75
20650,16.216,7.338,3.366,20650,3.326,-4.138,4.148
20660,16.672,7.328,3.178,20660,3.402,-4.332,4.422
20670,16.448,7.702,2.664,20670,3.398,-4.446,4.53
20680,16.684,8.356,2.546,20680,3.558,-4.552,4.65
20690,17.896,8.408,2.686,20690,3.798,-4.67,4.826
20700,18.574,7.8,3.208,20700,3.986,-4.776,4.952
20710,17.988,7.518,2.612,20710,4.148,-4.842,5.068
20720,17.182,7.956,0.874,20720,4.238,-4.93,5.166
20730,16.62,8.126,-0.406,20730,4.298,-5.04,5.198
20740,16.366,7.766,-1.78,20740,4.41,-5.092,5.136
20750,15.972,7.02,-3.064,20750,4.644,-5.102,4.992
20760,15.742,5.934,-4.564,20760,4.984,-5.044,4.848
20770,15.598,4.828,-6.498,20770,5.286,-4.87,4.678
20780,14.872,3.72,-8.486,20780,5.494,-4.582,4.462
20790,14.026,2.892,-10.59,20790,5.648,-4.218,4.252
20800,12.982,2.428,-12.766,20800,5.844,-3.842,4.042
20810,11.624,2.226,-14.548,20810,6.136,-3.344,3.864
20820,10.326,2.322,-15.78,20820,6.282,-2.744,3.578
20830,9.03,2.804,-17.246,20830,5.914,-2.166,2.908
20840,8.032,3.638,-18.706,20840,4.872,-1.42,1.786
20850,6.618,4.406,-20.064,20850,3.384,-0.618,0.19
20860,3.568,4.44,-21.632,20860,1.978,-0.148,-1.918
20870,-0.264,3.04,-24.626,20870,1.384,0.532,-4.478
20880,-4.664,-0.52,-28.268,20880,2.06,3.194,-7.084
20890,-9.966,-6.984,-31.338,20890,3.534,7.7,-9.114
20900,-11.778,-16.264,-35.144,20900,4.964,12.06,-10.684
20910,-5.498,-26.644,-39.214,20910,5.436,15.064,-11.286
20920,-2.512,-32.95,-39.214,20920,2.742,17.05,-13.046
20930,-21,-34.414,-39.142,20930,-1.508,18.636,-14.622
20940,-38.784,-24.108,-39.208,20940,-4.654,17.148,-14.152
20950,-38.784,-2.322,-32.018,20950,-7.73,14.09,-12.31
20960,-38.404,19.502,-7.88,20960,-11.408,11.326,-11.324
20970,-38.784,36.21,17.696,20970,-13.22,7.664,-7.088
20980,-38.784,38.618,38.058,20980,-9.606,7.464,-3.14
20990,-38.722,30.19,31.046,20990,-5.128,8.31,-4.274
21000,-38.618,-14.594,16.98,21000,-4.146,8.864,-4.712
21010,-27.632,-39.226,-17.532,21010,-0.986,11.708,-3.222
21020,-20.98,-39.132,-18.298,21020,4.61,11.96,-1.836
21030,-14.376,-39.054,-12.572,21030,9.204,8.63,-0.796
21040,-14.976,-35.012,9.93,21040,11.152,6.138,-1.208
21050,-34.094,-38.786,-1.728,21050,10.486,6.22,-1.388
21060,-38.784,-39.226,-9.118,21060,8.152,6.316,-1.402
21070,-38.682,-22.318,-3.15,21070,4.572,5.264,-1.634
21080,-35.644,-0.044,9.932,21080,0.302,4.194,-1.788
21090,-31.646,17.168,15.45,21090,-2.606,3.972,-1.574
21100,-34.166,32.484,21.316,21100,-3.318,3.9,-0.972
21110,-34.556,38.618,28.496,21110,-2.782,3.478,-0.274
21120,-29.088,30.522,31.118,21120,-1.678,3.042,0.34
21130,-25.29,16.738,30.068,21130,-0.548,2.798,0.95
21140,-24.722,8.114,28.712,21140,0.594,2.65,1.502
21150,-23.102,3.912,27.966,21150,1.786,2.562,1.92
21160,-20.012,1.954,27.838,21160,2.874,2.386,2.28
21170,-17.284,1.13,26.928,21170,3.648,1.992,2.494
21180,-15.51,0.902,24.992,21180,3.702,1.558,2.468
21190,-14.432,1.424,22.726,21190,2.952,1.282,2.346
21200,-13.858,3.984,20.066,21200,1.716,1.208,2.27
21210,-13.006,8.196,17.152,21210,0.304,1.284,2.23
21220,-11.33,12.154,13.988,21220,-0.906,1.292,2.146
21230,-9.154,14.698,12.696,21230,-1.478,1.21,1.972
21240,-7.506,15.464,13.81,21240,-1.262,1.112,1.804
21250,-7.228,13.538,13.836,21250,-0.594,0.986,1.768
21260,-8.048,9.3,11.28,21260,0.172,0.834,1.824
21270,-9.368,5.392,8.448,21270,0.858,0.66,1.948
21280,-10.788,3.362,5.992,21280,1.332,0.474,2.084
21290,-12.39,3.264,4.226,21290,1.616,0.25,2.232
21300,-14.256,4.678,3.566,21300,1.648,0.07,2.316
21310,-15.892,6.866,4.15,21310,1.39,-0.03,2.256
21320,-16.458,8.732,4.27,21320,0.916,-0.122,2.036
21330,-15.642,10.206,4.628,21330,0.276,-0.196,1.736
21340,-14.314,11.268,6.134,21340,-0.354,-0.17,1.508
21350,-13.294,12.51,6.73,21350,-0.858,-0.09,1.412
21360,-12.656,13.356,6.008,21360,-1.16,0.026,1.404
21370,-12.108,12.984,5.412,21370,-1.182,0.184,1.468
21380,-11.512,11.506,5.144,21380,-1.002,0.338,1.552
21390,-10.584,9.724,4.42,21390,-0.734,0.414,1.556
21400,-9.476,7.966,4.004,21400,-0.35,0.356,1.482
21410,-8.776,6.528,4.708,21410,0.148,0.066,1.45
21420,-8.582,5.576,4.968,21420,0.386,-0.242,1.308
21430,-8.478,4.026,4.908,21430,0.524,-0.368,1.198
21440,-8.252,1.308,5.01,21440,0.884,-0.448,1.266
21450,-7.004,-1.23,5.204,21450,1.308,-0.614,1.406
21460,-4.596,-1.608,4.996,21460,1.498,-0.86,1.502
21470,-3.288,-0.086,4.74,21470,1.436,-1.13,1.552
21480,-3.598,1.678,4.178,21480,1.292,-1.396,1.604
21490,-4.658,2.928,4.048,21490,1.13,-1.634,1.628
21500,-5.504,3.41,4.072,21500,0.948,-1.812,1.58
21510,-5.786,3.708,4.078,21510,0.754,-1.918,1.482
21520,-5.418,3.804,3.652,21520,0.632,-1.958,1.364
21530,-4.798,3.476,3.062,21530,0.618,-1.962,1.22
21540,-4.18,2.8,2.792,21540,0.708,-1.964,1.066
21550,-3.86,2.362,2.412,21550,0.874,-1.962,0.922
21560,-3.82,2.646,1.5,21560,0.996,-1.938,0.736
21570,-3.926,3.592,0.762,21570,1.084,-1.896,0.47
21580,-3.918,4.624,-0.048,21580,1.2,-1.88,0.18
21590,-3.962,5.094,-0.192,21590,1.346,-1.864,-0.054
21600,-4.272,5.202,0.416,21600,1.506,-1.806,-0.218
21610,-4.794,5.834,0.82,21610,1.628,-1.724,-0.328
21620,-4.854,6.816,0.754,21620,1.63,-1.606,-0.382
21630,-4.434,7.79,0.9,21630,1.574,-1.462,-0.412
21640,-3.744,8.62,1.296,21640,1.542,-1.338,-0.482
21650,-2.824,8.556,1.888,21650,1.562,-1.194,-0.62
21660,-1.872,7.926,2.92,21660,1.586,-1.012,-0.894
21670,-1.184,7.496,3.822,21670,1.58,-0.862,-1.34
21680,-0.598,7.53,3.976,21680,1.532,-0.754,-1.896
21690,-0.22,7.946,4.076,21690,1.612,-0.672,-2.37
21700,-0.402,8.454,4.352,21700,1.942,-0.512,-2.602
21710,-0.926,9.08,5.346,21710,2.408,-0.322,-2.668
21720,-1.532,9.626,5.184,21720,2.808,-0.21,-2.694
21730,-1.946,9.84,4.448,21730,3.048,-0.19,-2.606
21740,-2.824,9.716,4.036,21740,3.016,-0.29,-2.428
21750,-4.54,9.798,3.732,21750,2.666,-0.468,-2.28
21760,-6.448,10.756,3.944,21760,2.038,-0.656,-2.244
21770,-8.054,12.348,4.55,21770,1.34,-0.758,-2.25
21780,-8.636,14.174,5.132,21780,0.836,-0.786,-2.164
21790,-8.04,15.428,6.504,21790,0.652,-0.836,-1.95
21800,-6.826,15.512,7.178,21800,0.688,-0.972,-1.682
21810,-5.6,14.816,6.808,21810,0.8,-1.2,-1.396
21820,-5.082,13.562,6.414,21820,0.89,-1.424,-1.084
21830,-5.424,11.994,6.896,21830,0.886,-1.622,-0.8
21840,-5.828,10.998,7.078,21840,0.724,-1.764,-0.584
21850,-5.638,10.836,7.234,21850,0.5,-1.862,-0.43
21860,-5.13,10.646,7.386,21860,0.348,-1.938,-0.296
21870,-4.38,9.808,7.622,21870,0.3,-1.982,-0.166
21880,-3.556,8.634,7.582,21880,0.284,-1.996,-0.06
21890,-2.974,7.552,6.96,21890,0.264,-1.994,0.02
21900,-2.406,6.624,6.262,21900,0.204,-1.978,0.094
21910,-2,5.934,5.838,21910,0.056,-1.94,0.138
21920,-2.036,5.806,5.72,21920,-0.218,-1.926,0.126
21930,-2.452,6.41,5.582,21930,-0.496,-1.96,0.098
21940,-3.268,7.532,5.776,21940,-0.632,-2.048,0.116
21950,-4.484,8.488,6.21,21950,-0.696,-2.172,0.196
21960,-5.854,9.106,6.518,21960,-0.814,-2.338,0.288
21970,-7.204,9.578,6.482,21970,-0.986,-2.556,0.4
21980,-8.268,9.96,6.356,21980,-1.172,-2.744,0.512
21990,-9.118,10.356,6.7,21990,-1.374,-2.86,0.484
22000,-9.646,10.792,7.102,22000,-1.538,-2.946,0.352
22010,-9.472,11.29,7.294,22010,-1.632,-3.02,0.202
22020,-9.076,11.424,7.602,22020,-1.718,-3.076,-0.018
22030,-8.65,10.968,7.276,22030,-1.818,-3.098,-0.254
22040,-8.268,10.25,6.888,22040,-1.972,-3.094,-0.418
22050,-8.352,9.584,6.922,22050,-2.198,-3.07,-0.506
22060,-8.346,9.336,6.65,22060,-2.314,-3.02,-0.52
22070,-7.812,9.348,6.24,22070,-2.198,-2.976,-0.478
22080,-6.99,9.25,6.16,22080,-2.204,-2.97,-0.54
22090,-6.226,9.148,6.318,22090,-2.436,-2.958,-0.742
22100,-5.806,9.272,6.298,22100,-2.548,-3.01,-0.914
22110,-5.692,8.854,5.814,22110,-2.578,-3.118,-1.18
22120,-5.678,8.242,4.998,22120,-2.706,-3.142,-1.636
22130,-5.866,9.124,5.06,22130,-2.732,-3.146,-2.112
22140,-5.786,10.78,4.196,22140,-2.526,-3.146,-2.434
22150,-5.262,12.048,3.384,22150,-2.134,-3.1,-2.5
22160,-4.846,12.38,2.442,22160,-1.678,-3.008,-2.376
22170,-4.638,11.96,1.466,22170,-1.348,-2.928,-2.216
22180,-4.708,11.97,0.502,22180,-1.282,-2.906,-2.06
22190,-5.32,12.67,0.116,22190,-1.39,-2.908,-1.9
22200,-6.536,14.22,0.36,22200,-1.576,-2.916,-1.738
22210,-7.408,16.27,0.054,22210,-1.74,-2.872,-1.632
22220,-6.964,17.842,-0.56,22220,-1.756,-2.73,-1.544
22230,-5.368,17.914,-0.604,22230,-1.588,-2.52,-1.436
22240,-3.104,16.514,-0.226,22240,-1.328,-2.28,-1.286
22250,-0.578,14.642,-0.014,22250,-1.09,-2.06,-1.096
22260,1.494,13.036,0.16,22260,-0.932,-1.9,-0.94
22270,2.894,11.788,0.22,22270,-0.876,-1.792,-0.822
22280,3.68,10.846,0.512,22280,-0.854,-1.67,-0.686
22290,3.774,10.242,1.11,22290,-0.906,-1.628,-0.578
22300,3.644,9.998,1.472,22300,-0.996,-1.602,-0.49
22310,3.608,9.952,1.91,22310,-1.012,-1.52,-0.376
22320,3.148,9.866,2.24,22320,-0.952,-1.444,-0.268
22330,3.05,9.638,1.964,22330,-0.842,-1.402,-0.184
22340,3.61,9.266,1.844,22340,-0.676,-1.382,-0.098
22350,4.068,8.68,2.08,22350,-0.46,-1.384,0.012
22360,4.35,8.14,2.462,22360,-0.232,-1.396,0.154
22370,4.558,7.818,2.842,22370,-0.018,-1.39,0.306
22380,4.646,7.72,3.106,22380,0.142,-1.356,0.458
22390,4.674,7.664,3.186,22390,0.202,-1.324,0.594
22400,4.698,7.72,3.292,22400,0.198,-1.294,0.726
22410,4.696,7.974,3.486,22410,0.15,-1.242,0.858
22420,4.68,8.274,3.872,22420,0.076,-1.168,0.99
22430,4.71,8.59,4.256,22430,0.002,-1.12,1.13
22440,4.938,8.85,4.61,22440,-0.094,-1.116,1.252
22450,5.332,9.064,5.096,22450,-0.202,-1.136,1.32
22460,5.574,9.11,5.716,22460,-0.248,-1.176,1.392
22470,5.592,8.928,6.392,22470,-0.198,-1.206,1.504
22480,5.418,8.468,6.912,22480,-0.068,-1.204,1.598
22490,5.308,8.048,6.964,22490,0.086,-1.19,1.636
22500,5.478,7.702,6.978,22500,0.236,-1.196,1.668
22510,5.664,7.37,7.096,22510,0.334,-1.224,1.708
22520,5.692,7.218,7.35,22520,0.348,-1.266,1.722
22530,5.52,7.344,7.798,22530,0.304,-1.328,1.74
22540,5.35,7.716,8.208,22540,0.216,-1.384,1.786
22550,5.214,8.158,8.516,22550,0.086,-1.454,1.808
22560,5.118,8.52,8.772,22560,-0.082,-1.562,1.796
22570,5.108,8.608,8.778,22570,-0.22,-1.648,1.806
22580,5.062,8.62,8.742,22580,-0.23,-1.698,1.884
22590,4.986,8.744,8.482,22590,-0.112,-1.746,2.008
22600,5.23,8.922,7.828,22600,0.116,-1.79,2.114
22610,5.566,8.998,7.216,22610,0.348,-1.896,2.164
22620,5.778,8.77,6.236,22620,0.514,-2.012,2.208
22630,5.76,8.438,5.724,22630,0.612,-2.1,2.276
22640,5.708,8.252,5.68,22640,0.65,-2.164,2.32
22650,6.25,8.182,5.372,22650,0.664,-2.242,2.342
22660,7.26,7.958,5.004,22660,0.71,-2.312,2.402
22670,8.294,7.58,4.89,22670,0.858,-2.328,2.536
22680,9.304,7.41,4.79,22680,1.146,-2.358,2.704
22690,10.336,7.384,4.404,22690,1.458,-2.438,2.898
22700,11.138,7.448,4.16,22700,1.692,-2.582,3.102
22710,11.248,7.61,3.86,22710,1.768,-2.768,3.24
22720,11.036,7.758,3.59,22720,1.7,-2.944,3.318
22730,10.83,7.626,3.232,22730,1.594,-3.102,3.464
22740,10.904,7.338,3.268,22740,1.622,-3.288,3.684
22750,10.798,7.16,3.134,22750,1.758,-3.494,3.922
22760,10.55,7.104,3.398,22760,2.036,-3.682,4.176
22770,10.324,6.96,3.06,22770,2.416,-3.788,4.428
22780,10.524,6.28,2.456,22780,2.778,-3.884,4.6
22790,11.512,5.25,2.062,22790,3.072,-3.974,4.72
22800,12.802,4.236,1.606,22800,3.232,-4.054,4.786
22810,13.646,3.374,1.464,22810,3.224,-4.17,4.744
22820,14.22,2.868,1.178,22820,3.188,-4.262,4.662
22830,14.688,2.814,0.63,22830,3.32,-4.368,4.558
22840,14.654,2.736,-0.016,22840,3.642,-4.466,4.442
22850,14.328,2.066,-1.278,22850,3.994,-4.466,4.3
22860,13.768,1.076,-2.964,22860,4.302,-4.396,4.076
22870,13.336,0.524,-4.628,22870,4.546,-4.222,3.806
22880,12.974,0.378,-6.182,22880,4.786,-3.918,3.576
22890,12.446,0.28,-7.872,22890,5.042,-3.432,3.418
22900,11.954,0.336,-9.864,22900,5.33,-2.882,3.3
22910,11.516,0.598,-12.182,22910,5.596,-2.374,3.204
22920,11.174,1.102,-14.426,22920,5.744,-1.934,3.1
22930,10.282,1.698,-16.38,22930,5.572,-1.508,2.828
22940,8.942,2.504,-17.6,22940,5.004,-0.986,2.216
22950,7.8,3.244,-18.038,22950,3.918,-0.48,1.12
22960,6.608,3.262,-18.494,22960,1.992,0.132,-0.794
22970,4.998,2.558,-19.642,22970,-0.24,0.79,-3.548
22980,2.584,0.888,-20.332,22980,-0.842,1.986,-6.204
22990,-0.642,-3.442,-20.156,22990,1.094,4.688,-7.818
23000,-4.562,-10.296,-19.912,23000,3.472,8.46,-9.556
23010,-4.94,-17.382,-25.618,23010,4.742,11.89,-11.088
23020,0.89,-23.424,-37.092,23020,5.228,13.61,-10.768
23030,1.18,-30.726,-39.214,23030,2.056,15.444,-12.544
23040,-17.73,-33.978,-39.038,23040,-2.678,16.128,-13.83
23050,-38.784,-19.2,-34.114,23050,-5.46,15.106,-13.172
23060,-38.784,2.974,-15.392,23060,-6.98,12.326,-11.496
23070,-38.386,21.7,8.128,23070,-10.008,7.06,-9.768
23080,-38.774,37.026,25.714,23080,-11.704,2.122,-5.948
23090,-38.784,38.618,39.008,23090,-8.55,2.112,-2.226
23100,-38.776,31.394,32.27,23100,-3.11,4.43,-2.758
23110,-36.43,0.828,26.854,23110,-0.7,7.194,-3.284
23120,-13.694,-18.82,-10.9,23120,3.968,10.042,-1.398
23130,-2.268,-26.932,-18.966,23130,8.896,10.416,-0.396
23140,4.8,-36.614,-7.802,23140,11.506,9.078,0.68
23150,6.056,-33.108,7.538,23150,11.634,5.676,1.498
23160,-14.72,-33.086,-4.24,23160,9.914,3.21,0.554
23170,-30.954,-33.008,-8.48,23170,6.49,3.232,-0.29
23180,-36.324,-13.114,-7.072,23180,1.328,3.922,-0.568
23190,-34.202,11.754,5.914,23190,-3.136,4.128,-0.978
23200,-23.88,29.156,19.552,23200,-4.818,3.882,-1.016
23210,-16.42,38.618,30.188,23210,-4.406,3.722,-0.662
23220,-16.332,36.674,30.89,23220,-3.1,3.696,-0.34
23230,-18.298,21.504,24.722,23230,-1.688,3.658,-0.046
23240,-18.728,8.886,21.226,23240,-0.764,3.298,0.262
23250,-20.3,3.074,21.698,23250,-0.392,2.532,0.416
23260,-23.408,1.128,20.988,23260,-0.098,1.876,0.554
23270,-27.828,3.114,21.518,23270,0.454,1.606,0.938
23280,-30.662,7.168,22.812,23280,1.174,1.578,1.366
23290,-27.5,8.592,22.448,23290,1.652,1.728,1.582
23300,-21.858,6.51,23.096,23300,1.636,1.834,1.588
23310,-17.804,4.702,20.708,23310,1.092,1.694,1.448
23320,-16.092,4.782,16.886,23320,0.318,1.446,1.34
23330,-16.76,6.646,15.54,23330,-0.182,1.16,1.378
23340,-18.264,8.742,14.77,23340,-0.21,0.818,1.482
23350,-18.268,9.204,14.648,23350,0.166,0.546,1.598
23360,-17.322,7.8,15.39,23360,0.656,0.392,1.688
23370,-16.164,5.276,14.382,23370,1.078,0.248,1.692
23380,-15.146,3.182,13.27,23380,1.494,0.138,1.744
23390,-14.26,2.454,11.9,23390,1.876,0.042,1.844
23400,-13.46,2.2,9.164,23400,2.034,-0.078,1.864
23410,-12.44,1.88,6.124,23410,2.116,-0.098,1.828
23420,-11.336,2.258,4.67,23420,2.012,-0.138,1.748
23430,-10.12,2.734,2.688,23430,1.58,-0.25,1.584
23440,-8.766,3.972,2.798,23440,1.144,-0.33,1.446
23450,-7.858,5.56,3.718,23450,0.846,-0.468,1.38
23460,-7.098,6.256,3.726,23460,0.548,-0.64,1.352
23470,-6.298,6.592,4.114,23470,0.37,-0.68,1.362
23480,-5.934,6.804,3.908,23480,0.384,-0.624,1.424
23490,-5.344,6.094,3.208,23490,0.466,-0.598,1.434
23500,-4.47,5.032,2.954,23500,0.538,-0.562,1.41
23510,-3.762,4.526,3.292,23510,0.42,-0.498,1.314
23520,-3.31,4.47,3.004,23520,0.176,-0.41,1.162
23530,-2.578,5.108,2.836,23530,0.106,-0.412,1.11
23540,-1.902,5.208,3.208,23540,0.21,-0.482,1.12
23550,-1.92,4.866,3.482,23550,0.242,-0.522,1.116
23560,-2.764,4.75,3.61,23560,0.212,-0.568,1.056
23570,-3.696,4.71,2.548,23570,0.224,-0.592,1
23580,-4.428,4.632,2.19,23580,0.38,-0.57,1.006
23590,-5.078,4.592,2.214,23590,0.322,-0.688,0.976
23600,-5.2,4.984,2.026,23600,-0.028,-0.882,0.782
23610,-4.55,5.472,1.872,23610,-0.102,-0.938,0.746
23620,-3.842,4.962,2.438,23620,0.106,-0.864,0.89
23630,-3.8,3.324,3.188,23630,0.282,-0.878,0.952
23640,-3.3,3.296,2.138,23640,0.32,-0.996,0.88
23650,-3.036,4.668,1.496,23650,0.376,-1.092,0.756
23660,-4.198,5.814,1.34,23660,0.556,-1.086,0.67
23670,-5.35,5.9,1.518,23670,0.86,-0.996,0.646
23680,-5.518,4.956,1.858,23680,1.2,-0.932,0.618
23690,-4.782,4.042,1.568,23690,1.478,-0.93,0.544
23700,-3.928,3.652,1.33,23700,1.652,-0.93,0.452
23710,-3.644,3.596,1.284,23710,1.698,-0.908,0.318
23720,-3.732,3.924,1.338,23720,1.644,-0.86,0.15
23730,-3.764,4.624,1.702,23730,1.558,-0.794,-0.046
23740,-4.03,5.626,1.984,23740,1.478,-0.708,-0.256
23750,-4.388,6.902,2.104,23750,1.46,-0.616,-0.454
23760,-4.78,8.182,2.148,23760,1.572,-0.54,-0.628
23770,-4.98,9.356,2.262,23770,1.772,-0.478,-0.74
23780,-4.944,10.048,2.518,23780,1.996,-0.404,-0.802
23790,-4.864,10.2,2.658,23790,2.152,-0.356,-0.89
23800,-4.566,10.178,2.856,23800,2.142,-0.402,-1.02
23810,-4.16,10.516,3.374,23810,1.936,-0.538,-1.194
23820,-4.068,11.404,4.272,23820,1.626,-0.71,-1.368
23830,-4.224,12.486,5.59,23830,1.358,-0.888,-1.458
23840,-4.342,13.274,7.14,23840,1.236,-1.058,-1.474
23850,-4.088,13.756,8.45,23850,1.264,-1.214,-1.512
23860,-3.298,13.998,8.936,23860,1.352,-1.346,-1.576
23870,-2.356,13.618,9.072,23870,1.444,-1.41,-1.606
23880,-1.72,12.948,9.112,23880,1.512,-1.38,-1.582
23890,-1.198,12.55,9.354,23890,1.58,-1.34,-1.524
23900,-0.644,12.43,9.688,23900,1.602,-1.382,-1.488
23910,-0.272,12.4,10.036,23910,1.544,-1.46,-1.474
23920,-0.566,12.592,10.324,23920,1.414,-1.508,-1.4
23930,-1.582,12.61,10.344,23930,1.14,-1.574,-1.294
23940,-2.358,12.39,10.096,23940,0.694,-1.7,-1.27
23950,-2.648,12.312,9.788,23950,0.21,-1.824,-1.28
23960,-3.076,12.606,9.632,23960,-0.122,-1.904,-1.206
23970,-3.814,12.93,9.832,23970,-0.25,-1.958,-1.064
23980,-4.306,12.946,9.548,23980,-0.266,-1.998,-0.92
23990,-4.198,12.598,8.702,23990,-0.248,-2.036,-0.81
24000,-4.138,12.114,7.93,24000,-0.238,-2.08,-0.67
24010,-4.358,11.57,7.596,24010,-0.356,-2.148,-0.512
24020,-4.942,11.08,7.394,24020,-0.616,-2.284,-0.418
24030,-5.484,10.926,6.85,24030,-0.978,-2.464,-0.39
24040,-5.996,11.192,7.052,24040,-1.334,-2.632,-0.356
24050,-6.818,11.456,7.67,24050,-1.592,-2.782,-0.304
24060,-7.396,11.35,7.598,24060,-1.748,-2.878,-0.278
24070,-7.248,10.932,7.278,24070,-1.77,-2.942,-0.266
24080,-6.858,10.412,7.008,24080,-1.776,-3.028,-0.256
24090,-6.246,9.628,6.61,24090,-1.814,-3.072,-0.276
24100,-5.796,8.684,6.592,24100,-1.866,-3.104,-0.306
24110,-5.552,8.018,6.572,24110,-1.946,-3.178,-0.346
24120,-5.344,7.904,6.56,24120,-2.036,-3.27,-0.402
24130,-5.422,8.176,6.484,24130,-2.058,-3.334,-0.458
24140,-5.736,8.554,6.072,24140,-1.986,-3.39,-0.506
24150,-5.836,8.566,5.546,24150,-1.872,-3.426,-0.54
24160,-5.684,8.346,5.372,24160,-1.776,-3.434,-0.56
24170,-5.582,7.914,5.096,24170,-1.77,-3.438,-0.598
24180,-5.342,7.524,4.422,24180,-1.87,-3.446,-0.672
24190,-5.058,7.556,4.054,24190,-1.992,-3.452,-0.736
24200,-4.946,7.848,3.942,24200,-2.08,-3.436,-0.764
24210,-4.97,8.1,3.744,24210,-2.148,-3.392,-0.778
24220,-4.95,8.152,3.438,24220,-2.166,-3.338,-0.81
24230,-4.776,8.024,2.952,24230,-2.106,-3.25,-0.836
24240,-4.598,7.836,2.528,24240,-2.004,-3.116,-0.846
24250,-4.392,7.508,2.182,24250,-1.918,-2.974,-0.866
24260,-3.82,6.954,1.758,24260,-1.876,-2.816,-0.874
24270,-3.052,6.434,1.544,24270,-1.864,-2.634,-0.876
24280,-2.34,6.258,1.26,24280,-1.926,-2.448,-0.896
24290,-1.678,6.356,1.216,24290,-2.04,-2.318,-0.98
24300,-1.148,6.784,1.186,24300,-2.096,-2.166,-1.052
24310,-0.91,7.312,1.668,24310,-2.066,-2.03,-1.1
24320,-0.962,7.688,2.228,24320,-1.97,-1.924,-1.186
24330,-0.668,8.036,2.108,24330,-1.746,-1.79,-1.276
24340,-0.362,7.996,2.35,24340,-1.482,-1.676,-1.318
24350,-0.054,7.7,2.632,24350,-1.25,-1.576,-1.352
24360,0.342,7.746,2.918,24360,-1.074,-1.482,-1.378
24370,0.612,8.176,3.05,24370,-0.984,-1.394,-1.366
24380,0.852,8.908,2.942,24380,-0.972,-1.328,-1.34
24390,1.16,9.742,3.07,24390,-0.974,-1.268,-1.278
24400,1.436,10.382,3.596,24400,-0.948,-1.16,-1.2
24410,1.624,10.714,4.234,24410,-0.938,-1.048,-1.14
24420,1.95,10.948,4.554,24420,-0.936,-0.962,-1.03
24430,2.516,11.008,4.874,24430,-0.932,-0.878,-0.876
24440,2.854,10.996,5.26,24440,-0.96,-0.85,-0.81
24450,3.29,11.096,5.372,24450,-0.934,-0.86,-0.784
24460,3.96,10.798,5.284,24460,-0.838,-0.846,-0.722
24470,4.236,10.07,6.034,24470,-0.736,-0.848,-0.646
24480,4.514,9.64,6.464,24480,-0.646,-0.876,-0.594
24490,4.978,9.36,6.14,24490,-0.548,-0.872,-0.518
24500,5.286,8.948,5.984,24500,-0.482,-0.868,-0.418
24510,5.5,8.342,6.022,24510,-0.5,-0.908,-0.34
24520,5.894,7.774,6.068,24520,-0.572,-0.968,-0.27
24530,5.936,7.382,6.254,24530,-0.664,-1.018,-0.182
24540,5.538,7.236,6.414,24540,-0.732,-1.04,-0.094
24550,5.198,7.302,6.334,24550,-0.786,-1.058,-0.044
24560,5.104,7.294,6.16,24560,-0.834,-1.096,-0.034
24570,5.298,7.112,5.862,24570,-0.822,-1.144,-0.022
24580,5.498,6.866,5.774,24580,-0.74,-1.194,0.008
24590,5.622,6.508,5.644,24590,-0.61,-1.244,0.04
24600,5.762,6.198,5.414,24600,-0.452,-1.306,0.072
24610,5.862,5.864,5.256,24610,-0.29,-1.398,0.108
24620,5.796,5.532,4.97,24620,-0.116,-1.488,0.176
24630,5.588,5.202,4.804,24630,0.056,-1.528,0.262
24640,5.414,4.942,4.75,24640,0.184,-1.544,0.358
24650,5.546,4.832,4.564,24650,0.256,-1.568,0.444
24660,5.864,4.774,4.35,24660,0.3,-1.584,0.514
24670,6.06,4.782,4.518,24670,0.336,-1.564,0.562
24680,6.14,4.998,4.642,24680,0.344,-1.528,0.588
24690,6.244,5.2,4.508,24690,0.38,-1.492,0.61
24700,6.324,5.366,4.454,24700,0.488,-1.456,0.66
24710,6.346,5.462,4.404,24710,0.608,-1.404,0.722
24720,6.38,5.474,4.308,24720,0.738,-1.348,0.798
24730,6.488,5.55,4.082,24730,0.87,-1.294,0.916
24740,6.804,5.618,3.992,24740,0.904,-1.226,1.02
24750,7.172,5.814,4.194,24750,0.856,-1.186,1.102
24760,7.59,6.214,4.24,24760,0.834,-1.2,1.212
24770,7.952,6.464,4.804,24770,0.872,-1.23,1.366
24780,8.262,6.504,5.882,24780,0.968,-1.272,1.53
24790,8.774,6.494,6.68,24790,1.066,-1.348,1.672
24800,9.544,6.438,6.93,24800,1.162,-1.45,1.838
24810,10.298,6.434,7.238,24810,1.232,-1.58,2.042
24820,10.74,6.414,7.792,24820,1.27,-1.772,2.254
24830,11.056,6.486,7.912,24830,1.292,-1.994,2.458
24840,11.334,6.636,8.016,24840,1.318,-2.258,2.67
24850,11.672,6.9,8.346,24850,1.388,-2.548,2.93
24860,12.106,7.042,8.486,24860,1.512,-2.814,3.176
24870,12.568,6.88,8.78,24870,1.71,-3.112,3.436
24880,13.264,6.51,8.826,24880,1.948,-3.422,3.758
24890,13.784,6.102,8.682,24890,2.114,-3.736,4.048
24900,13.952,5.906,8.474,24900,2.206,-4.03,4.282
24910,14.53,6.222,7.508,24910,2.228,-4.354,4.5
24920,15.39,6.608,6.808,24920,2.26,-4.686,4.718
24930,16.34,6.72,5.806,24930,2.388,-5.002,4.946
24940,17.24,6.808,5.09,24940,2.634,-5.37,5.182
24950,17.932,6.826,3.634,24950,2.922,-5.736,5.392
24960,18.036,6.452,1.89,24960,3.196,-6.016,5.512
24970,17.482,5.62,-0.202,24970,3.498,-6.22,5.522
24980,17.318,4.772,-2.43,24980,3.858,-6.326,5.462
24990,17.58,3.952,-4.756,24990,4.178,-6.358,5.314
25000,17.876,3.1,-6.898,25000,4.482,-6.346,5.062
25010,17.928,2.698,-8.754,25010,4.77,-6.262,4.744
25020,17.42,2.502,-10.394,25020,5.02,-6.068,4.412
25030,16.72,2.194,-12.122,25030,5.216,-5.782,4.064
25040,16.282,2.078,-13.582,25040,5.292,-5.34,3.618
25050,15.646,2.44,-14.764,25050,5.236,-4.764,3.012
25060,14.82,3.014,-15.58,25060,4.786,-4.144,2.112
25070,13.39,3.028,-16.498,25070,3.58,-3.282,0.524
25080,10.914,2.858,-17.634,25080,2.14,-2.162,-1.872
25090,7.524,1.95,-19.536,25090,1.794,-0.616,-4.468
25100,3.798,-1.762,-22.068,25100,3.062,1.862,-6.58
25110,0.294,-8.734,-26.686,25110,4.492,5.274,-8.456
25120,-1.496,-18.094,-34.41,25120,6.18,8.73,-9.686
25130,0.448,-28.476,-39.214,25130,7.592,11.358,-10.216
25140,1.886,-36.516,-39.214,25140,6.212,13.276,-11.944
25150,-8.742,-32.564,-39.114,25150,2.636,15.898,-14.46
25160,-29.532,-20.234,-39.214,25160,-1.252,17.954,-15.736
25170,-38.784,-7.922,-36.916,25170,-5.674,17.022,-14.684
25180,-38.784,10.162,-25.258,25180,-9.39,15.132,-11.58
25190,-38.556,25.726,-9.176,25190,-11.61,10.22,-10.77
25200,-38.784,36.742,12.698,25200,-13.026,7.75,-6.652
25210,-38.784,38.618,35.296,25210,-9.086,6.602,-2.916
25220,-38.78,31.812,14.82,25220,-7.094,4.416,-3.444
25230,-38.774,-11.816,-21.274,25230,-8.164,5.926,-2.82
25240,-38.702,-38.132,-5.512,25240,-6.676,9,-0.616
25250,-26.418,-36.344,-28.764,25250,-3.382,9.98,0.818
25260,-8.71,-29.892,-4.828,25260,0.136,8.16,1.506
25270,-6.69,-24.81,7.21,25270,1.958,6.556,1.946
25280,-19.55,-36.334,-2.924,25280,1.674,6.29,1.676
25290,-37.888,-39.226,-2.372,25290,0.268,6.472,1.294
25300,-36.358,-27.594,-0.39,25300,-0.958,5.788,1.008
25310,-28.732,-8.876,15.148,25310,-1.05,4.844,1.058
25320,-25.33,3.2,23.942,25320,-0.458,4.418,1.428
25330,-27.664,5.624,22.112,25330,0.042,4.344,1.568
25340,-28.782,0.168,18.462,25340,0.278,4.392,1.358
25350,-25.446,-5.04,18.314,25350,0.334,4.236,0.964
25360,-22.312,-5.922,20.32,25360,0.438,3.814,0.864
25370,-21.886,-3.742,22.586,25370,0.72,3.262,1.138
25380,-23.442,-1.686,23.48,25380,1.05,2.654,1.494
25390,-24.794,-1.626,23.55,25390,1.256,2.164,1.692
25400,-25.018,-2.206,23.418,25400,1.204,1.926,1.656
25410,-24.012,-2.082,22.344,25410,0.926,1.768,1.498
25420,-21.68,-1.168,21.294,25420,0.658,1.552,1.276
25430,-19.07,0.208,20.314,25430,0.63,1.328,1.068
25440,-17.42,0.998,19.076,25440,1.068,1.214,1.016
25450,-16.52,0.314,17.228,25450,1.918,1.212,1.15
25460,-15.404,-1.688,14.818,25460,2.886,1.254,1.318
25470,-13.788,-4.286,11.99,25470,3.8,1.238,1.522
25480,-12.614,-5.948,10.42,25480,4.494,1.104,1.806
25490,-11.948,-6.044,9.176,25490,4.956,0.882,2.052
25500,-11.198,-4.764,6.76,25500,5.114,0.672,2.196
25510,-10.76,-2.288,5.334,25510,4.892,0.508,2.252
25520,-10.26,0.706,3.356,25520,4.346,0.396,2.184
25530,-9.232,3.538,0.786,25530,3.536,0.214,1.994
25540,-8.39,6.284,0.37,25540,2.54,0.056,1.774
25550,-8.196,9.344,2.504,25550,1.574,-0.016,1.578
25560,-8.568,12.418,5.474,25560,1.062,-0.088,1.458
25570,-8.136,14.03,6.916,25570,1.11,-0.21,1.458
25580,-6.694,13.286,7.286,25580,1.58,-0.348,1.51
25590,-5.448,10.708,7.37,25590,2.21,-0.454,1.514
25600,-4.67,7.688,6.422,25600,2.726,-0.524,1.446
25610,-4.23,5.734,5.654,25610,2.976,-0.574,1.348
25620,-4.124,5.15,5.502,25620,2.85,-0.658,1.252
25630,-4.276,5.762,5.77,25630,2.402,-0.788,1.154
25640,-4.47,7.666,6.176,25640,1.86,-0.828,1.064
25650,-4.636,10.022,6.906,25650,1.466,-0.752,1.024
25660,-4.7,11.598,7.618,25660,1.216,-0.714,0.978
25670,-4.616,12.336,9.256,25670,1.238,-0.748,0.942
25680,-4.734,12.362,10.992,25680,1.442,-0.816,0.982
25690,-5.192,11.066,11.296,25690,1.618,-0.816,1.042
25700,-5.81,9.588,11.77,25700,1.754,-0.712,1.092
25710,-6.048,8.706,11.552,25710,1.79,-0.598,1.116
25720,-5.466,7.998,10.75,25720,1.596,-0.516,1.134
25730,-4.776,8.086,10.744,25730,1.288,-0.508,1.196
25740,-5.078,9.164,10.938,25740,0.922,-0.57,1.264
25750,-5.998,10.124,10.924,25750,0.51,-0.656,1.264
25760,-7.314,10.754,11.354,25760,0.206,-0.76,1.268
25770,-8.704,11.15,11.42,25770,0.044,-0.838,1.324
25780,-9.262,10.554,10.672,25780,-0.026,-0.866,1.368
25790,-9.046,9.128,9.324,25790,-0.068,-0.874,1.366
25800,-8.586,7.86,7.94,25800,-0.094,-0.906,1.322
25810,-8.114,7.074,6.756,25810,-0.126,-0.996,1.244
25820,-7.982,6.286,5.696,25820,-0.158,-1.138,1.148
25830,-8.198,5.528,5.056,25830,-0.144,-1.328,1.062
25840,-8.67,4.956,4.46,25840,-0.082,-1.554,1.01
25850,-9.118,4.55,4.056,25850,0.02,-1.776,1.024
25860,-9.452,4.226,3.904,25860,0.184,-1.968,1.064
25870,-9.384,3.852,3.536,25870,0.328,-2.116,1.066
25880,-8.888,3.35,3.066,25880,0.34,-2.216,0.986
25890,-8.482,3.094,3.082,25890,0.22,-2.278,0.846
25900,-8.208,3.198,3.18,25900,0.016,-2.312,0.738
25910,-7.872,3.262,3.216,25910,-0.17,-2.334,0.666
25920,-7.442,3.396,3.19,25920,-0.288,-2.316,0.62
25930,-6.754,3.754,3.096,25930,-0.348,-2.254,0.548
25940,-5.918,4.042,2.842,25940,-0.376,-2.18,0.446
25950,-5.078,3.932,2.778,25950,-0.36,-2.1,0.352
25960,-4.462,3.832,3.21,25960,-0.302,-2.112,0.258
25970,-4.048,3.99,3.272,25970,-0.25,-2.18,0.154
25980,-3.818,4.32,3.492,25980,-0.18,-2.208,0.07
25990,-4.16,4.732,3.804,25990,-0.136,-2.248,-0.024
26000,-4.532,5.4,4.222,26000,-0.19,-2.26,-0.15
26010,-4.42,6.482,5.28,26010,-0.288,-2.228,-0.238
26020,-4.276,7.866,6.324,26020,-0.35,-2.196,-0.236
26030,-3.94,9.214,7.03,26030,-0.34,-2.158,-0.176
26040,-3.328,9.858,6.966,26040,-0.37,-2.09,-0.11
26050,-2.928,9.49,7.37,26050,-0.568,-2.062,-0.086
26060,-3.026,8.894,8.134,26060,-0.886,-2.066,-0.118
26070,-3.196,9.28,8.984,26070,-1.236,-2.046,-0.218
26080,-3.418,10.418,9.714,26080,-1.506,-2.02,-0.388
26090,-3.564,11.616,10.052,26090,-1.636,-2.008,-0.6
26100,-3.35,12.332,10.184,26100,-1.668,-2.022,-0.844
26110,-2.888,12.292,9.894,26110,-1.624,-2.062,-1.078
26120,-2.438,11.764,9.398,26120,-1.624,-2.086,-1.274
26130,-2.236,11.402,9.29,26130,-1.698,-2.094,-1.438
26140,-2.236,12.01,9.046,26140,-1.73,-2.08,-1.526
26150,-2.22,13.434,8.554,26150,-1.732,-2.056,-1.57
26160,-2.09,14.728,7.93,26160,-1.754,-2.034,-1.626
26170,-1.726,15.408,7.136,26170,-1.816,-2.012,-1.696
26180,-1.154,15.478,6.558,26180,-1.88,-1.994,-1.76
26190,-0.464,15.34,6.146,26190,-1.89,-1.962,-1.816
26200,0.398,15.092,5.642,26200,-1.812,-1.924,-1.862
26210,1.338,14.838,4.948,26210,-1.66,-1.886,-1.884
26220,2.244,14.492,4.204,26220,-1.44,-1.826,-1.868
26230,3.046,13.994,3.526,26230,-1.188,-1.776,-1.808
26240,3.732,13.386,2.838,26240,-1.006,-1.766,-1.714
26250,4.294,12.828,2.518,26250,-0.898,-1.76,-1.59
26260,4.556,12.44,2.554,26260,-0.836,-1.748,-1.45
26270,4.594,11.992,2.576,26270,-0.834,-1.726,-1.312
26280,4.702,11.366,2.496,26280,-0.956,-1.718,-1.202
26290,4.788,10.606,2.386,26290,-1.164,-1.728,-1.142
26300,4.818,9.814,2.33,26300,-1.342,-1.726,-1.108
26310,4.746,9.036,2.456,26310,-1.406,-1.688,-1.064
26320,4.666,8.29,2.68,26320,-1.352,-1.624,-1.024
26330,4.812,7.596,2.796,26330,-1.264,-1.572,-1.048
26340,5.102,6.902,2.512,26340,-1.18,-1.558,-1.122
26350,5.28,6.14,2.414,26350,-1.076,-1.53,-1.166
26360,5.028,5.436,2.52,26360,-0.936,-1.486,-1.144
26370,4.532,4.872,2.38,26370,-0.782,-1.444,-1.082
26380,4.138,4.672,2.218,26380,-0.656,-1.38,-1.012
26390,3.758,4.878,2.23,26390,-0.522,-1.276,-0.936
26400,3.416,5.186,2.234,26400,-0.394,-1.164,-0.836
26410,3.25,5.344,2.19,26410,-0.334,-1.082,-0.73
26420,3.166,5.48,2.484,26420,-0.34,-1.044,-0.632
26430,2.958,5.708,2.97,26430,-0.378,-1.046,-0.54
26440,2.454,6.028,3.396,26440,-0.434,-1.046,-0.45
26450,1.918,6.31,3.706,26450,-0.462,-1.008,-0.348
26460,1.458,6.604,4.046,26460,-0.428,-0.948,-0.256
26470,1.154,6.82,4.384,26470,-0.362,-0.888,-0.192
26480,1.1,6.77,4.472,26480,-0.348,-0.834,-0.154
26490,1.024,6.566,4.628,26490,-0.398,-0.796,-0.144
26500,0.82,6.54,5.218,26500,-0.468,-0.772,-0.146
26510,0.58,6.626,5.99,26510,-0.548,-0.758,-0.154
26520,0.278,6.63,6.65,26520,-0.624,-0.754,-0.172
26530,0.036,6.622,6.946,26530,-0.664,-0.746,-0.19
26540,-0.012,6.648,7.228,26540,-0.646,-0.734,-0.2
26550,0.04,6.602,7.62,26550,-0.596,-0.738,-0.21
26560,0.192,6.366,7.784,26560,-0.55,-0.74,-0.236
26570,0.458,6.148,7.882,26570,-0.532,-0.748,-0.286
26580,0.798,5.964,7.928,26580,-0.54,-0.752,-0.348
26590,1.264,5.842,8.242,26590,-0.574,-0.78,-0.408
26600,1.68,5.934,8.602,26600,-0.62,-0.83,-0.462
26610,1.964,6.124,8.888,26610,-0.682,-0.888,-0.482
26620,2.2,6.34,9.094,26620,-0.76,-0.952,-0.492
26630,2.46,6.492,9.152,26630,-0.816,-1.024,-0.498
26640,2.83,6.612,9.304,26640,-0.826,-1.08,-0.464
26650,3.322,6.652,9.59,26650,-0.796,-1.102,-0.402
26660,3.83,6.764,9.434,26660,-0.738,-1.126,-0.35
26670,4.538,6.892,9.26,26670,-0.682,-1.152,-0.314
26680,5.194,6.984,9.032,26680,-0.668,-1.172,-0.304
26690,5.51,7.024,8.516,26690,-0.67,-1.214,-0.256
26700,5.632,7.08,7.984,26700,-0.716,-1.252,-0.188
26710,5.592,7.126,7.69,26710,-0.74,-1.278,-0.1
26720,5.596,7.214,7.26,26720,-0.708,-1.274,0.032
26730,5.824,7.428,7.064,26730,-0.644,-1.246,0.17
26740,6.112,7.652,6.952,26740,-0.556,-1.254,0.302
26750,6.606,7.89,6.446,26750,-0.452,-1.268,0.456
26760,6.802,7.904,6.286,26760,-0.368,-1.268,0.596
26770,6.662,7.746,6.18,26770,-0.338,-1.286,0.702
26780,6.706,7.758,5.794,26780,-0.388,-1.306,0.788
26790,6.684,7.798,5.686,26790,-0.484,-1.332,0.896
26800,6.426,7.842,5.426,26800,-0.54,-1.346,1.042
26810,6.268,8.088,5.206,26810,-0.474,-1.332,1.204
26820,6.2,8.396,5.078,26820,-0.34,-1.32,1.356
26830,6.256,8.342,5.018,26830,-0.228,-1.316,1.484
26840,6.316,8.016,4.85,26840,-0.168,-1.324,1.592
26850,6.222,7.586,4.696,26850,-0.098,-1.324,1.686
26860,6.194,7.282,4.724,26860,0.004,-1.31,1.772
26870,6.368,6.984,4.826,26870,0.134,-1.278,1.836
26880,6.632,6.646,4.78,26880,0.21,-1.256,1.868
26890,6.93,6.21,4.638,26890,0.258,-1.26,1.894
26900,7.064,5.856,4.582,26900,0.27,-1.284,1.92
26910,7.03,5.634,4.568,26910,0.26,-1.304,1.932
26920,7.07,5.702,4.484,26920,0.288,-1.298,1.966
26930,7.258,5.874,4.628,26930,0.33,-1.312,2.008
26940,7.638,5.962,4.616,26940,0.334,-1.374,2
26950,8.078,6.028,4.576,26950,0.314,-1.484,1.964
26960,8.248,5.976,4.828,26960,0.316,-1.602,1.958
26970,8.158,5.822,5.024,26970,0.402,-1.722,2.016
26980,8.03,5.78,5.076,26980,0.594,-1.844,2.118
26990,8.124,5.804,4.89,26990,0.868,-1.94,2.228
27000,8.424,5.858,4.672,27000,1.09,-2.032,2.32
27010,8.838,5.886,4.164,27010,1.286,-2.09,2.422
27020,9.262,6.034,3.65,27020,1.448,-2.174,2.55
27030,9.582,6.252,3.264,27030,1.476,-2.292,2.636
27040,9.878,6.324,2.952,27040,1.432,-2.42,2.722
27050,9.858,6.416,2.862,27050,1.466,-2.52,2.85
27060,9.76,6.384,2.858,27060,1.622,-2.59,2.996
27070,10.072,6.088,3.224,27070,1.824,-2.644,3.13
27080,10.73,5.636,2.972,27080,2.016,-2.71,3.246
27090,11.39,5.206,2.638,27090,2.17,-2.792,3.342
27100,11.86,4.762,2.318,27100,2.28,-2.876,3.41
27110,11.978,4.214,2.108,27110,2.36,-2.982,3.45
27120,12.006,3.65,2.026,27120,2.414,-3.108,3.444
27130,12.038,3.28,1.722,27130,2.53,-3.232,3.438
27140,12.272,3.08,1.24,27140,2.67,-3.292,3.462
27150,12.786,2.802,1.05,27150,2.824,-3.354,3.478
27160,13.632,2.42,0.826,27160,3.024,-3.43,3.526
27170,14.482,2.024,0.58,27170,3.224,-3.512,3.622
27180,14.668,1.458,0.438,27180,3.366,-3.58,3.698
27190,14.316,1.112,-0.354,27190,3.476,-3.592,3.708
27200,14.036,0.948,-1.552,27200,3.636,-3.536,3.668
27210,13.952,0.614,-2.838,27210,3.888,-3.382,3.656
27220,14.184,0.118,-4.052,27220,4.14,-3.174,3.618
27230,14.554,-0.464,-5.158,27230,4.32,-2.968,3.546
27240,14.794,-1.114,-6.674,27240,4.392,-2.732,3.444
27250,14.384,-1.54,-7.642,27250,4.35,-2.464,3.31
27260,13.458,-1.556,-8.32,27260,4.234,-2.152,3.152
27270,12.628,-1.282,-8.97,27270,4.2,-1.828,2.966
27280,11.732,-0.866,-9.304,27280,4.294,-1.49,2.754
27290,10.832,-0.708,-9.938,27290,4.344,-1.02,2.474
27300,10.114,-0.882,-10.224,27300,4.23,-0.6,2.07
27310,9.328,-1.044,-10.578,27310,3.856,-0.33,1.412
27320,8.37,-1.432,-11.24,27320,2.992,-0.05,0.328
27330,6.596,-2.318,-10.918,27330,1.478,0.354,-1.49
27340,4.378,-3.884,-10.67,27340,-0.34,0.814,-4.004
27350,2.59,-6.694,-10.784,27350,-1.19,1.34,-6.31
27360,0.864,-11.912,-10.288,27360,-0.23,2.362,-7.876
27370,-1.432,-18.944,-9.986,27370,1.502,4.614,-9.49
27380,-1.976,-25.87,-11.59,27380,2.984,7.482,-11.47
27390,1.6,-30.456,-20.578,27390,4.206,9.584,-12.042
27400,3.786,-33.682,-31.322,27400,2.766,11.874,-12.032
27410,-5.278,-35.574,-32.938,27410,-1.43,14.848,-12.876
27420,-27.512,-27.34,-31.604,27420,-4.342,15.528,-12.616
27430,-38.784,-11.602,-25.218,27430,-5.51,14.972,-10.254
27440,-38.784,6.506,-10.16,27440,-6.464,11.36,-8.862
27450,-38.514,24.84,6.368,27450,-8.296,3.418,-9.086
27460,-38.784,37.082,24.104,27460,-7.758,1.358,-3.942
27470,-38.784,38.618,32.73,27470,-1.51,2.568,-0.48
27480,-38.434,19.596,4.836,27480,1.522,4.294,-2.592
27490,-30.06,-13.36,10.05,27490,2.676,8.51,-2.876
27500,-9.416,-17.062,-17.542,27500,7.068,10.322,-1.766
27510,-3.914,-25.59,-21.802,27510,9.918,9.28,-1.12
27520,7.476,-32.452,11.612,27520,9.532,7.082,0.214
27530,0.928,-31.178,5.156,27530,6.764,3.846,0.132
27540,-21.72,-32,-5.604,27540,3.06,2.52,-0.542
27550,-30.752,-13.852,-7.758,27550,-0.754,3.594,-0.884
27560,-35.028,13.152,3.106,27560,-3.024,3.866,-0.772
27570,-27.804,33.002,18.782,27570,-3.678,2.956,-0.214
27580,-16.254,37.562,31.226,27580,-3.65,2.432,0.236
27590,-15.58,28.08,28.834,27590,-3.3,2.572,0.422
27600,-18.444,16.16,22.33,27600,-2.76,2.918,0.532
27610,-17.012,9.842,21.656,27610,-2.04,3.156,0.678
27620,-14.62,6.138,22.442,27620,-1.23,3.252,0.782
27630,-13.97,2.71,21.368,27630,-0.56,3.322,0.84
27640,-15.528,0.536,20.902,27640,-0.18,3.182,0.936
27650,-17.982,0.118,19.198,27650,0.042,2.802,1.004
27660,-20.386,0.812,16.97,27660,0.392,2.5,1.098
27670,-22.81,2.668,15.686,27670,0.776,2.462,1.258
27680,-23.866,4.078,13.558,27680,1.094,2.584,1.408
27690,-23.034,4.192,12.308,27690,1.342,2.71,1.462
27700,-21.394,3.628,12,27700,1.596,2.792,1.482
27710,-20.244,3.488,11.428,27710,1.866,2.724,1.504
27720,-19.834,3.414,9.732,27720,2.094,2.492,1.454
27730,-20.154,2.976,8.298,27730,2.354,2.248,1.376
27740,-20.504,2.25,6.426,27740,2.54,2.136,1.224
27750,-20.024,1.234,3.84,27750,2.57,2.142,0.948
27760,-18.828,0.942,2.158,27760,2.498,2.156,0.598
27770,-17.484,1.592,1.976,27770,2.27,2.052,0.144
27780,-16.386,2.372,1.586,27780,1.992,1.87,-0.338
27790,-15.692,3.45,2.284,27790,1.834,1.74,-0.764
27800,-15.44,4.152,3.452,27800,1.75,1.72,-1.162
27810,-14.566,4.258,3.322,27810,1.658,1.77,-1.506
27820,-13.124,4.172,3.252,27820,1.494,1.848,-1.768
27830,-11.898,4.122,4.106,27830,1.25,1.844,-1.938
27840,-10.904,4.702,4.886,27840,0.972,1.624,-1.982
27850,-10.25,5.94,5.772,27850,0.68,1.348,-1.95
27860,-10.32,7.164,7.076,27860,0.466,1.132,-2.008
27870,-10.69,7.852,7.594,27870,0.426,0.96,-2.098
27880,-10.632,7.732,8.218,27880,0.592,0.784,-2.098
27890,-10.308,6.638,8.612,27890,0.992,0.574,-2.026
27900,-9.638,5.072,8.238,27900,1.58,0.382,-1.906
27910,-8.764,3.372,7.566,27910,2.26,0.25,-1.754
27920,-8.098,1.884,6.806,27920,2.852,0.16,-1.592
27930,-7.598,0.924,6.124,27930,3.25,0.108,-1.426
27940,-7.13,0.604,5.794,27940,3.396,0.11,-1.28
27950,-6.45,0.712,5.01,27950,3.258,0.152,-1.216
27960,-5.578,1.33,4.086,27960,2.882,0.188,-1.26
27970,-4.762,2.37,3.542,27970,2.374,0.156,-1.326
27980,-4.174,3.348,3.368,27980,1.83,-0.004,-1.332
27990,-4.012,4.094,3.826,27990,1.372,-0.234,-1.27
28000,-4.338,4.646,4.472,28000,1.132,-0.448,-1.152
28010,-4.9,4.774,3.894,28010,1.126,-0.652,-1.038
28020,-5.508,4.508,3.186,28020,1.284,-0.828,-0.968
28030,-6.122,3.774,2.874,28030,1.5,-0.966,-0.902
28040,-6.544,2.286,1.828,28040,1.734,-1.028,-0.814
28050,-6.79,0.76,0.536,28050,1.978,-1.006,-0.688
28060,-6.93,-0.034,-0.852,28060,2.204,-0.99,-0.52
28070,-7.068,-0.1,-1.968,28070,2.356,-1.048,-0.382
28080,-7.468,0.448,-2.44,28080,2.422,-1.12,-0.294
28090,-8.372,1.196,-2.948,28090,2.436,-1.162,-0.188
28100,-9.57,1.986,-3.6,28100,2.428,-1.152,0.006
28110,-10.718,2.912,-3.91,28110,2.46,-1.128,0.268
28120,-11.656,4.078,-4.316,28120,2.494,-1.178,0.506
28130,-12.49,5.446,-4.658,28130,2.514,-1.322,0.638
28140,-13.642,6.76,-4.826,28140,2.568,-1.496,0.686
28150,-15.14,7.95,-4.902,28150,2.714,-1.62,0.754
28160,-16.592,8.926,-4.816,28160,2.954,-1.62,0.87
28170,-17.534,9.496,-4.308,28170,3.248,-1.486,1.046
28180,-17.65,9.626,-3.664,28180,3.518,-1.352,1.246
28190,-17.21,9.628,-2.846,28190,3.62,-1.322,1.404
28200,-16.512,9.808,-2.084,28200,3.512,-1.362,1.558
28210,-16.116,10.394,-0.834,28210,3.192,-1.454,1.68
28220,-16.048,10.932,0.804,28220,2.622,-1.55,1.694
28230,-15.504,11.698,2.514,28230,1.87,-1.596,1.642
28240,-14.526,12.992,4.702,28240,1.148,-1.572,1.612
28250,-13.078,14.086,6.692,28250,0.512,-1.538,1.53
28260,-11.236,14.972,8.408,28260,-0.008,-1.56,1.358
28270,-9.396,15.862,10.228,28270,-0.316,-1.682,1.258
28280,-8.146,16.07,11.676,28280,-0.402,-1.9,1.298
28290,-7.752,15.558,12.57,28290,-0.374,-2.184,1.462
28300,-7.842,14.806,13.034,28300,-0.302,-2.496,1.724
28310,-8.28,14.072,13.242,28310,-0.284,-2.81,2.022
28320,-8.776,13.556,13.024,28320,-0.384,-3.082,2.286
28330,-8.976,13.644,13.102,28330,-0.578,-3.33,2.47
28340,-8.794,13.822,12.622,28340,-0.842,-3.558,2.546
28350,-8.23,13.74,11.758,28350,-1.14,-3.74,2.566
28360,-7.784,13.516,11.332,28360,-1.406,-3.906,2.58
28370,-7.598,12.996,10.654,28370,-1.634,-4.094,2.556
28380,-7.376,12.094,9.464,28380,-1.83,-4.262,2.484
28390,-7.426,10.918,8.456,28390,-1.97,-4.368,2.384
28400,-7.716,9.822,7.546,28400,-2.072,-4.42,2.268
28410,-7.696,8.784,6.476,28410,-2.126,-4.442,2.152
28420,-7.302,7.89,5.358,28420,-2.108,-4.428,2.048
28430,-6.822,7.01,4.362,28430,-2.014,-4.386,1.954
28440,-6.408,6.096,3.468,28440,-1.908,-4.316,1.848
28450,-6.026,5.384,2.632,28450,-1.84,-4.22,1.734
28460,-5.712,4.982,1.928,28460,-1.826,-4.104,1.644
28470,-5.492,4.652,1.41,28470,-1.832,-3.972,1.552
28480,-5.204,4.602,1.07,28480,-1.822,-3.858,1.43
28490,-4.842,4.87,0.942,28490,-1.794,-3.76,1.31
28500,-4.648,5.344,0.988,28500,-1.736,-3.63,1.228
28510,-4.6,5.506,0.686,28510,-1.634,-3.472,1.154
28520,-4.356,5.302,0.244,28520,-1.494,-3.314,1.056
28530,-3.772,5.07,0.094,28530,-1.324,-3.162,0.976
28540,-3.276,4.828,0.406,28540,-1.17,-3.01,0.938
28550,-3.004,4.586,0.57,28550,-1.11,-2.882,0.902
28560,-2.716,4.406,0.61,28560,-1.134,-2.776,0.852
28570,-2.394,4.354,1.076,28570,-1.198,-2.648,0.808
28580,-2.17,4.406,1.806,28580,-1.296,-2.506,0.784
28590,-1.812,4.562,2.268,28590,-1.404,-2.338,0.766
28600,-1.144,4.806,2.44,28600,-1.474,-2.174,0.742
28610,-0.23,4.926,2.274,28610,-1.466,-2.044,0.696
28620,0.726,4.676,2.252,28620,-1.42,-1.914,0.634
28630,1.562,4.162,2.608,28630,-1.398,-1.756,0.538
28640,2.306,3.702,2.936,28640,-1.368,-1.588,0.43
28650,3.26,3.36,3.146,28650,-1.306,-1.406,0.372
28660,4.212,3.088,3.572,28660,-1.27,-1.238,0.368
28670,5.028,3.032,3.76,28670,-1.298,-1.102,0.37
28680,5.664,3.23,3.888,28680,-1.354,-0.978,0.392
28690,6.024,3.408,4.12,28690,-1.406,-0.866,0.44
28700,6.184,3.592,4.326,28700,-1.426,-0.756,0.484
28710,6.428,3.864,4.606,28710,-1.38,-0.648,0.474
28720,6.72,4.024,4.792,28720,-1.282,-0.648,0.56
28730,6.948,3.996,4.868,28730,-1.276,-0.636,0.624
28740,6.774,3.918,5.098,28740,-1.268,-0.558,0.562
28750,6.768,3.642,5.31,28750,-1.196,-0.444,0.564
28760,7.374,3.022,5.564,28760,-1.196,-0.384,0.626
28770,7.452,2.94,5.588,28770,-1.252,-0.388,0.698
28780,7.524,3.486,5.394,28780,-1.364,-0.4,0.76
28790,7.064,4.292,5.392,28790,-1.474,-0.388,0.78
28800,6.472,5.042,5.508,28800,-1.508,-0.348,0.77
28810,6.42,5.258,5.748,28810,-1.416,-0.286,0.742
28820,6.906,5.118,5.994,28820,-1.276,-0.23,0.708
28830,7.5,4.916,5.83,28830,-1.152,-0.202,0.678
28840,7.778,4.914,5.566,28840,-1.022,-0.182,0.672
28850,7.534,5.146,5.508,28850,-0.9,-0.126,0.69
28860,7.036,5.322,5.6,28860,-0.84,-0.06,0.698
28870,6.656,5.348,5.602,28870,-0.866,-0.01,0.672
28880,6.572,5.338,5.666,28880,-0.954,0.03,0.62
28890,6.516,5.424,6.136,28890,-1.074,0.054,0.566
28900,6.39,5.544,6.84,28900,-1.186,0.058,0.494
28910,6.344,5.43,7.338,28910,-1.254,0.054,0.386
28920,6.356,5.066,7.658,28920,-1.266,0.066,0.282
28930,6.438,4.512,7.822,28930,-1.244,0.106,0.19
28940,6.674,3.862,7.842,28940,-1.21,0.126,0.098
28950,7.14,3.226,7.76,28950,-1.14,0.11,0.024
28960,7.508,2.618,7.838,28960,-1.046,0.086,-0.002
28970,7.504,2.096,7.952,28970,-0.954,0.07,-0.002
28980,7.244,1.776,7.716,28980,-0.91,0.05,-0.014
28990,7.086,1.63,7.5,28990,-0.908,-0.006,-0.03
29000,6.93,1.588,7.296,29000,-0.886,-0.054,-0.01
29010,6.728,1.518,7.112,29010,-0.878,-0.106,0.008
29020,6.248,1.514,7.208,29020,-0.888,-0.166,0.012
29030,6.044,1.57,6.954,29030,-0.894,-0.208,0.018
29040,5.778,1.626,6.47,29040,-0.89,-0.236,0.006
29050,5.478,1.612,5.896,29050,-0.852,-0.25,-0.028
29060,5.45,1.66,5.464,29060,-0.76,-0.246,-0.054
29070,5.38,1.66,5.19,29070,-0.634,-0.25,-0.078
29080,5.236,1.54,4.704,29080,-0.498,-0.268,-0.102
29090,5.056,1.322,4.224,29090,-0.368,-0.28,-0.134
29100,4.724,1.056,3.878,29100,-0.254,-0.284,-0.2
29110,4.308,0.848,3.482,29110,-0.168,-0.302,-0.284
29120,3.912,0.814,3.22,29120,-0.114,-0.33,-0.376
29130,3.278,0.954,3.118,29130,-0.068,-0.368,-0.486
29140,2.596,1.1,2.804,29140,-0.022,-0.416,-0.628
29150,2.12,1.108,2.468,29150,0.028,-0.458,-0.792
29160,1.758,0.95,2.22,29160,0.132,-0.512,-0.942
29170,1.436,0.712,1.944,29170,0.306,-0.554,-1.068
29180,1.214,0.29,1.6,29180,0.518,-0.556,-1.204
29190,1.134,-0.126,1.216,29190,0.772,-0.548,-1.346
29200,1.182,-0.466,0.634,29200,1.03,-0.584,-1.516
29210,1.248,-0.852,-0.112,29210,1.252,-0.644,-1.754
29220,1.108,-1.028,-0.504,29220,1.45,-0.694,-2.046
29230,0.76,-0.858,-0.434,29230,1.676,-0.746,-2.318
29240,0.372,-0.636,-0.434,29240,1.992,-0.8,-2.544
29250,0.182,-0.358,-0.72,29250,2.334,-0.854,-2.746
29260,0.15,0.046,-1.084,29260,2.688,-0.934,-2.944
29270,0.216,0.664,-1.418,29270,3.08,-0.948,-3.138
29280,0.306,1.346,-1.546,29280,3.478,-0.84,-3.32
29290,0.614,1.992,-1.646,29290,3.782,-0.648,-3.532
29300,1.404,2.796,-1.642,29300,3.976,-0.49,-3.828
29310,2.354,3.79,-1.982,29310,4.102,-0.458,-4.156
29320,3.006,4.878,-1.856,29320,4.2,-0.542,-4.486
29330,3.002,5.918,-1.408,29330,4.346,-0.67,-4.8
29340,2.598,6.956,-1.186,29340,4.524,-0.792,-5.086
29350,2.146,7.946,-0.846,29350,4.696,-0.828,-5.324
29360,1.948,8.992,-0.526,29360,4.9,-0.696,-5.446
29370,2.432,9.95,-0.624,29370,5.044,-0.556,-5.522
29380,3.18,10.694,-0.668,29380,5.238,-0.432,-5.45
29390,4.292,11.206,-0.208,29390,5.474,-0.22,-5.222
29400,4.804,11.394,0.49,29400,5.586,0.042,-5.038
29410,5.254,11.588,0.06,29410,5.478,0.422,-5.044
29420,6.288,11.928,0.37,29420,5.216,1.08,-5.24
29430,7.612,12.232,1.646,29430,4.89,1.87,-5.526
29440,9.316,12.572,3.256,29440,4.574,2.356,-5.706
29450,10.816,13.114,5.262,29450,4.298,2.464,-5.698
29460,10.054,13.572,6.82,29460,4.092,2.428,-5.646
29470,6.102,13.6,7.204,29470,3.874,2.358,-5.7
29480,1.854,13.514,7.278,29480,3.736,2.17,-5.738
29490,-0.614,13.86,6.584,29490,3.794,1.78,-5.564
29500,-2.112,14.51,5.7,29500,4.002,1.322,-5.286
29510,-3.61,15.322,5.042,29510,4.096,0.874,-5.062
29520,-5.01,16.01,3.446,29520,3.928,0.362,-4.918
29530,-6.356,16.788,1.918,29530,3.656,-0.16,-4.678
29540,-7.618,16.952,2.508,29540,3.242,-0.714,-4.232
29550,-8.966,16.386,3.464,29550,2.56,-1.398,-3.786
29560,-10.106,16.986,4.27,29560,1.7,-2.098,-3.488
29570,-10.662,18.652,4.644,29570,0.712,-2.644,-3.376
29580,-11.082,19.788,3.668,29580,0.578,-2.728,-3.418
29590,-11.186,19.776,2.12,29590,1.334,-2.322,-3.468
29600,-10.224,17.546,-1.794,29600,1.5,-2.206,-3.612
29610,-8.976,13.986,-6.546,29610,1.072,-2.55,-3.854
29620,-9.468,11.224,-5.414,29620,0.486,-2.54,-3.958
29630,-11.552,7.838,-2.214,29630,-0.418,-2.064,-3.956
29640,-11.446,5.424,-6.748,29640,-1.554,-1.708,-4.024
29650,-8.698,5.862,-10.048,29650,-3.212,-1.772,-4.386
29660,-6.688,7.37,-10.1,29660,-4.882,-1.868,-4.678
29670,-7.732,10.37,-6.422,29670,-6.054,-1.88,-4.52
29680,-10.338,12.626,-3.634,29680,-6.752,-1.818,-4.28
29690,-10.682,12.932,-5.71,29690,-6.886,-1.544,-4.03
29700,-9.61,12.486,-5.82,29700,-6.442,-1.058,-3.542
29710,-8.802,10.61,-5.152,29710,-5.618,-0.416,-2.912
29720,-7.524,7.668,-5.556,29720,-4.614,0.222,-2.276
29730,-5.968,5.174,-4.916,29730,-3.624,0.698,-1.71
29740,-5.028,3.568,-3.73,29740,-2.852,0.986,-1.262
29750,-4.928,2.614,-2.634,29750,-2.316,1.048,-0.93
29760,-5.76,2.566,-1.164,29760,-2.022,0.926,-0.722
29770,-7.01,3.274,0.14,29770,-1.884,0.706,-0.632
29780,-8.408,4.234,0.748,29780,-1.816,0.472,-0.608
29790,-9.792,4.782,1.91,29790,-1.758,0.32,-0.606
29800,-10.598,4.76,2.748,29800,-1.706,0.27,-0.61
29810,-10.588,4.368,2.846,29810,-1.654,0.274,-0.598
29820,-9.998,3.93,2.812,29820,-1.6,0.288,-0.568
29830,-9.368,3.484,2.86,29830,-1.558,0.286,-0.53
29840,-9.046,3.1,2.856,29840,-1.544,0.27,-0.494
29850,-8.946,2.988,2.51,29850,-1.604,0.248,-0.512
29860,-9.046,3.11,2.024,29860,-1.73,0.2,-0.534
29870,-9.258,3.178,1.68,29870,-1.91,0.148,-0.528
29880,-9.646,3.512,1.914,29880,-2.08,0.118,-0.502
29890,-9.818,3.862,1.698,29890,-2.194,0.094,-0.464
29900,-9.886,3.99,1.618,29900,-2.218,0.078,-0.43
29910,-9.846,3.986,1.46,29910,-2.136,0.074,-0.394
29920,-9.814,3.75,1.224,29920,-1.986,0.08,-0.334
29930,-9.846,3.142,1.01,29930,-1.822,0.086,-0.25
29940,-9.736,2.516,0.746,29940,-1.676,0.102,-0.178
29950,-9.578,2.012,0.548,29950,-1.59,0.132,-0.14
29960,-9.548,1.776,0.566,29960,-1.572,0.156,-0.122
29970,-9.638,1.834,0.714,29970,-1.612,0.14,-0.102
29980,-9.686,2.034,0.732,29980,-1.702,0.098,-0.102
29990,-9.772,2.39,0.716,29990,-1.79,0.052,-0.102
30000,-9.968,2.798,0.832,30000,-1.86,0.01,-0.084
30010,-10.218,3.028,1.096,30010,-1.876,-0.016,-0.054
30020,-10.244,3.06,1.272,30020,-1.808,-0.018,-0.012
30030,-9.99,2.808,1.394,30030,-1.656,-0.002,0.036
30040,-9.774,2.376,1.806,30040,-1.442,0,0.08
30050,-9.536,1.892,2.062,30050,-1.234,-0.02,0.114
30060,-9.222,1.416,1.89,30060,-1.09,-0.068,0.136
30070,-9.162,1.126,1.876,30070,-1.002,-0.108,0.138
30080,-9.306,1.03,2.004,30080,-1,-0.112,0.12
30090,-9.336,1.21,2.182,30090,-1.062,-0.096,0.082
30100,-9.102,1.648,2.284,30100,-1.184,-0.082,0.042
30110,-8.734,2.17,2.372,30110,-1.38,-0.066,0.026
30120,-8.53,2.676,2.602,30120,-1.594,-0.062,0.024
30130,-8.578,3.152,2.874,30130,-1.76,-0.076,0.022
30140,-8.566,3.358,2.918,30140,-1.852,-0.11,-0.002
30150,-8.56,3.368,2.644,30150,-1.956,-0.1,-0.086
30160,-8.644,3.204,2.412,30160,-2.082,-0.042,-0.122
30170,-8.734,3.068,2.29,30170,-2.026,-0.016,-0.106
30180,-8.94,2.806,2.922,30180,-1.83,-0.03,-0.08
30190,-8.368,2.342,2.302,30190,-1.624,-0.048,-0.052
30200,-8.032,2.072,1.986,30200,-1.436,-0.026,-0.048
30210,-8.232,1.91,2.39,30210,-1.334,0.002,-0.056
30220,-8.398,1.57,2.584,30220,-1.328,0.02,-0.058
30230,-8.552,1.712,2.538,30230,-1.39,0.006,-0.074
30240,-8.792,2.174,2.428,30240,-1.492,-0.038,-0.134
30250,-9.29,2.63,2.558,30250,-1.542,-0.096,-0.176
30260,-9.722,2.866,2.322,30260,-1.5,-0.14,-0.126
30270,-10.06,2.734,2.078,30270,-1.41,-0.174,-0.036
30280,-10.314,2.5,2.274,30280,-1.35,-0.188,0.024
30290,-10.114,2.34,2.11,30290,-1.334,-0.19,0.046
30300,-9.802,2.462,2.214,30300,-1.362,-0.172,0.06
30310,-9.578,2.8,2.77,30310,-1.412,-0.148,0.106
30320,-9.294,3.1,3.174,30320,-1.462,-0.144,0.162
30330,-8.87,3.326,3.454,30330,-1.504,-0.17,0.202
30340,-8.45,3.334,3.648,30340,-1.498,-0.206,0.246
30350,-8.248,3.196,3.818,30350,-1.466,-0.24,0.296
30360,-8.168,2.876,3.726,30360,-1.498,-0.274,0.312
30370,-8.15,2.694,3.948,30370,-1.59,-0.29,0.28
30380,-8.11,2.788,3.894,30380,-1.714,-0.296,0.234
30390,-8.086,2.972,3.804,30390,-1.844,-0.294,0.188
30400,-8.086,3.09,3.998,30400,-1.974,-0.3,0.134
30410,-8.068,3.122,4.246,30410,-2.096,-0.34,0.09
30420,-8.144,3.114,4.112,30420,-2.232,-0.412,0.05
30430,-8.41,3.06,4.124,30430,-2.346,-0.466,0.006
30440,-8.854,3.092,4.224,30440,-2.424,-0.482,-0.032
30450,-9.308,3.128,4.094,30450,-2.402,-0.492,-0.03
30460,-9.596,3.104,3.814,30460,-2.272,-0.53,0.01
30470,-9.846,3.006,3.852,30470,-2.074,-0.576,0.072
30480,-10.12,2.616,3.926,30480,-1.844,-0.63,0.156
30490,-10.292,1.844,3.622,30490,-1.672,-0.702,0.238
30500,-10.362,1.078,3.508,30500,-1.586,-0.772,0.31
30510,-10.466,0.828,3.522,30510,-1.586,-0.796,0.354
30520,-10.538,0.944,3.578,30520,-1.614,-0.768,0.38
30530,-10.648,1.356,3.808,30530,-1.624,-0.754,0.416
30540,-10.598,1.684,3.748,30540,-1.624,-0.808,0.45
30550,-10.37,1.716,3.556,30550,-1.628,-0.87,0.47
30560,-10.286,1.452,3.59,30560,-1.638,-0.866,0.494
30570,-10.382,0.93,3.528,30570,-1.656,-0.824,0.498
30580,-10.206,0.374,3.154,30580,-1.702,-0.78,0.458
30590,-9.796,0.2,3.33,30590,-1.748,-0.75,0.436
30600,-9.624,0.334,3.478,30600,-1.762,-0.746,0.448
30610,-9.646,0.22,3.35,30610,-1.756,-0.756,0.456
30620,-9.716,-0.014,3.336,30620,-1.72,-0.77,0.46
30630,-9.912,-0.216,3.384,30630,-1.672,-0.776,0.432
30640,-10.022,-0.508,3.176,30640,-1.646,-0.774,0.38
30650,-9.99,-0.712,3.304,30650,-1.596,-0.762,0.348
30660,-10.018,-0.9,3.124,30660,-1.514,-0.754,0.336
30670,-10.04,-1.13,2.736,30670,-1.4,-0.768,0.336
30680,-10.142,-1.202,2.754,30680,-1.28,-0.794,0.354
30690,-10.222,-1.344,2.612,30690,-1.184,-0.824,0.378
30700,-10.216,-1.562,2.534,30700,-1.12,-0.852,0.384
30710,-10.022,-1.58,2.622,30710,-1.076,-0.866,0.366
30720,-9.674,-1.432,2.93,30720,-1.082,-0.842,0.324
30730,-9.292,-1.322,3.256,30730,-1.128,-0.808,0.286
30740,-9.026,-1.216,3.356,30740,-1.198,-0.762,0.252
30750,-8.814,-1.132,3.048,30750,-1.268,-0.706,0.222
30760,-9.012,-0.82,3.184,30760,-1.28,-0.674,0.254
30770,-9.616,-0.434,3.094,30770,-1.23,-0.676,0.316
30780,-10.192,-0.432,2.698,30780,-1.086,-0.674,0.354
30790,-10.588,-0.708,2.582,30790,-0.882,-0.648,0.378
30800,-10.658,-1.31,2.558,30800,-0.714,-0.602,0.384
30810,-10.204,-1.98,2.528,30810,-0.646,-0.526,0.368
30820,-9.564,-2.218,2.618,30820,-0.646,-0.448,0.344
30830,-9.256,-1.918,3.06,30830,-0.636,-0.394,0.346
30840,-9.246,-1.564,3.082,30840,-0.598,-0.36,0.394
30850,-9.53,-1.398,3.178,30850,-0.54,-0.344,0.448
30860,-9.916,-1.344,3.262,30860,-0.476,-0.324,0.476
30870,-9.964,-1.466,3.21,30870,-0.396,-0.306,0.492
30880,-9.59,-1.706,3.252,30880,-0.326,-0.3,0.508
30890,-9.046,-1.86,3.446,30890,-0.304,-0.3,0.518
30900,-8.51,-1.926,3.694,30900,-0.322,-0.294,0.514
30910,-8.168,-1.884,3.866,30910,-0.356,-0.282,0.48
30920,-7.998,-1.742,3.986,30920,-0.394,-0.266,0.422
30930,-7.886,-1.688,4.094,30930,-0.45,-0.254,0.366
30940,-7.856,-1.694,4.128,30940,-0.502,-0.25,0.336
30950,-7.898,-1.616,4.018,30950,-0.51,-0.256,0.33
30960,-8.062,-1.514,3.934,30960,-0.482,-0.264,0.33
30970,-8.226,-1.558,3.896,30970,-0.45,-0.266,0.32
30980,-8.284,-1.702,3.912,30980,-0.418,-0.262,0.298
30990,-8.214,-1.794,4.048,30990,-0.366,-0.274,0.298
31000,-8.054,-1.766,4.11,31000,-0.28,-0.346,0.358
31010,-8.03,-1.64,4.076,31010,-0.12,-0.454,0.49
31020,-8.284,-1.484,3.992,31020,0.09,-0.576,0.706
31030,-8.866,-1.348,4.106,31030,0.31,-0.692,0.964
31040,-9.426,-1.37,3.932,31040,0.548,-0.794,1.202
31050,-9.782,-1.474,3.614,31050,0.824,-0.882,1.478
31060,-10.14,-1.324,3.86,31060,1.15,-0.964,1.762
31070,-10.646,-1.2,3.778,31070,1.476,-1.014,1.99
31080,-11.052,-1.418,3.04,31080,1.722,-1.008,2.192
31090,-11.628,-1.842,2.084,31090,1.87,-0.944,2.358
31100,-12.286,-2.186,0.866,31100,1.902,-0.786,2.438
31110,-12.534,-2.008,0.058,31110,1.918,-0.53,2.436
31120,-12.2,-1.428,-0.378,31120,2.032,-0.24,2.422
31130,-11.098,-1.148,-0.822,31130,2.19,-0.014,2.404
31140,-9.796,-1.128,-0.698,31140,2.344,0.134,2.352
31150,-9.058,-0.844,-0.28,31150,2.474,0.252,2.266
31160,-8.94,-0.724,-0.23,31160,2.556,0.396,2.162
31170,-8.896,-0.726,-0.074,31170,2.612,0.566,2.032
31180,-8.66,-0.398,0.058,31180,2.618,0.702,1.858
31190,-8.15,0.286,0.184,31190,2.558,0.768,1.634
31200,-7.644,1.092,0.42,31200,2.488,0.816,1.398
31210,-7.32,1.844,0.848,31210,2.444,0.886,1.192
31220,-7.162,2.456,1.394,31220,2.416,0.974,1.008
31230,-6.764,3.058,1.636,31230,2.34,1.056,0.838
31240,-6.272,3.756,1.698,31240,2.216,1.088,0.672
31250,-5.904,4.474,1.848,31250,2.068,1.104,0.526
31260,-5.812,5.038,2.242,31260,1.93,1.146,0.426
31270,-5.946,5.462,2.46,31270,1.838,1.204,0.372
31280,-6.068,5.992,2.624,31280,1.806,1.23,0.388
31290,-6.294,6.51,2.992,31290,1.812,1.218,0.46
31300,-6.51,6.846,3.026,31300,1.834,1.184,0.548
31310,-6.708,7.044,3.146,31310,1.806,1.11,0.614
31320,-7.086,7.24,3.582,31320,1.732,1.022,0.66
31330,-7.422,7.452,3.866,31330,1.632,0.958,0.748
31340,-7.664,7.612,4.13,31340,1.47,0.91,0.868
31350,-7.92,7.86,4.538,31350,1.246,0.866,0.926
31360,-7.978,8.326,4.786,31360,0.992,0.818,0.944
31370,-7.97,8.78,5.008,31370,0.796,0.752,0.998
31380,-7.956,8.824,5.188,31380,0.694,0.674,1.068
31390,-7.708,8.268,5.268,31390,0.596,0.598,1.086
31400,-7.428,7.514,5.438,31400,0.456,0.496,1.054
31410,-7.336,7.052,5.502,31410,0.294,0.346,1.018
31420,-7.354,6.766,5.576,31420,0.18,0.196,1.026
31430,-7.402,6.4,5.796,31430,0.092,0.08,1.038
31440,-7.458,5.87,5.912,31440,0.028,-0.028,1.016
31450,-7.29,5.488,5.702,31450,0.012,-0.118,0.988
31460,-6.876,5.262,5.342,31460,0.022,-0.18,0.982
31470,-6.638,5.042,5.308,31470,0.04,-0.214,0.98
31480,-6.524,4.836,5.248,31480,0.078,-0.244,0.972
31490,-6.33,4.612,4.978,31490,0.086,-0.288,0.944
31500,-6.202,4.546,4.644,31500,0.01,-0.314,0.91
31510,-6.226,4.558,4.26,31510,-0.122,-0.282,0.892
31520,-6.256,4.476,3.838,31520,-0.22,-0.23,0.854
31530,-6.242,4.418,3.668,31530,-0.298,-0.158,0.766
31540,-6.148,4.728,3.986,31540,-0.408,-0.14,0.632
31550,-6.226,5.144,3.87,31550,-0.538,-0.222,0.5
31560,-6.548,5.44,3.392,31560,-0.61,-0.376,0.44
31570,-7.354,5.594,3.074,31570,-0.626,-0.514,0.45
31580,-8.578,5.864,2.966,31580,-0.562,-0.654,0.462
31590,-9.586,6.266,2.582,31590,-0.438,-0.802,0.478
31600,-10.084,6.654,2.296,31600,-0.296,-0.936,0.516
31610,-10.634,7.102,2.458,31610,-0.164,-1.11,0.558
31620,-11.282,7.66,2.852,31620,-0.106,-1.316,0.6
31630,-11.916,8.154,3.718,31630,-0.132,-1.47,0.588
31640,-12.748,8.644,4.238,31640,-0.122,-1.548,0.58
31650,-13.312,9.492,4.464,31650,-0.152,-1.616,0.53
31660,-13.318,9.982,4.556,31660,-0.224,-1.668,0.442
31670,-12.996,10.33,4.278,31670,-0.348,-1.718,0.348
31680,-12.98,10.864,4.672,31680,-0.512,-1.768,0.254
31690,-13.02,11.676,4.946,31690,-0.628,-1.828,0.222
31700,-13.196,12.474,5.672,31700,-0.686,-1.886,0.266
31710,-13.296,12.932,6.352,31710,-0.778,-1.922,0.356
31720,-12.976,13.136,6.87,31720,-0.924,-1.978,0.458
31730,-12.152,13.19,7.46,31730,-1.094,-2.044,0.56
31740,-10.916,12.84,8.464,31740,-1.302,-2.088,0.674
31750,-9.774,12.206,9.882,31750,-1.546,-2.12,0.762
31760,-8.472,11.748,10.82,31760,-1.766,-2.156,0.836
31770,-6.808,11.492,11.488,31770,-1.944,-2.222,0.916
31780,-5.25,11.074,12.028,31780,-2.112,-2.346,0.946
31790,-3.914,10.392,12.238,31790,-2.238,-2.51,0.932
31800,-3.054,9.718,12.662,31800,-2.338,-2.696,0.93
31810,-2.74,9.052,12.678,31810,-2.476,-2.874,0.942
31820,-2.724,8.65,12.206,31820,-2.648,-3.032,0.94
31830,-2.718,8.608,11.298,31830,-2.806,-3.154,0.926
31840,-2.796,8.684,10.306,31840,-2.906,-3.21,0.914
31850,-2.99,8.848,9.222,31850,-2.966,-3.196,0.91
31860,-2.938,9.102,7.922,31860,-2.98,-3.154,0.918
31870,-2.806,9.27,6.44,31870,-2.922,-3.104,0.918
31880,-2.6,9.244,5.176,31880,-2.84,-3.052,0.908
31890,-2.596,9.228,4.468,31890,-2.77,-2.97,0.904
31900,-2.726,9.344,3.89,31900,-2.726,-2.894,0.854
31910,-2.76,9.5,3.014,31910,-2.694,-2.864,0.77
31920,-2.648,9.596,2.29,31920,-2.624,-2.83,0.698
31930,-2.898,9.602,2.568,31930,-2.502,-2.814,0.648
31940,-3.286,9.732,2.244,31940,-2.356,-2.818,0.608
31950,-3.184,9.8,1.448,31950,-2.192,-2.818,0.578
31960,-3.034,9.608,1.072,31960,-2.022,-2.802,0.564
31970,-2.946,9.298,1.21,31970,-1.872,-2.81,0.532
31980,-2.74,8.858,1.024,31980,-1.756,-2.814,0.484
31990,-2.464,8.302,0.748,31990,-1.658,-2.792,0.454
32000,-2.242,7.622,0.508,32000,-1.584,-2.754,0.398
32010,-1.848,6.776,0.13,32010,-1.536,-2.692,0.278
32020,-1.254,6.014,-0.136,32020,-1.52,-2.618,0.17
32030,-0.806,5.376,0.1,32030,-1.49,-2.522,0.092
32040,-0.48,4.864,0.546,32040,-1.41,-2.398,0.034
32050,-0.098,4.454,0.636,32050,-1.314,-2.254,0
32060,0.434,3.94,0.296,32060,-1.244,-2.102,-0.04
32070,1.022,3.416,0.254,32070,-1.174,-1.946,-0.09
32080,1.594,2.894,0.452,32080,-1.074,-1.79,-0.14
32090,2.03,2.326,0.72,32090,-0.964,-1.632,-0.158
32100,2.45,1.74,0.834,32100,-0.89,-1.474,-0.174
32110,2.924,1.276,0.762,32110,-0.846,-1.348,-0.218
32120,3.482,1.12,0.75,32120,-0.768,-1.228,-0.262
32130,3.98,1.074,1.034,32130,-0.638,-1.068,-0.26
32140,4.322,1.15,1.604,32140,-0.458,-0.918,-0.21
32150,4.768,1.288,2.026,32150,-0.328,-0.78,-0.154
32160,5.396,1.344,2.204,32160,-0.314,-0.61,-0.12
32170,6.04,1.408,2.438,32170,-0.34,-0.442,-0.12
32180,6.652,1.376,2.584,32180,-0.4,-0.328,-0.146
32190,7.422,1.242,3.184,32190,-0.47,-0.26,-0.152
32200,7.926,1.412,4.168,32200,-0.346,-0.206,-0.05
32210,8.188,1.632,4.42,32210,-0.138,-0.182,0.076
32220,8.376,1.592,4.668,32220,0.082,-0.186,0.166
32230,8.902,1.648,5.048,32230,0.302,-0.192,0.254
32240,9.07,1.33,5.686,32240,0.512,-0.166,0.38
32250,8.998,0.764,6.622,32250,0.666,-0.124,0.516
32260,9.136,0.338,7.438,32260,0.726,-0.104,0.6
32270,9.39,0.226,7.726,32270,0.718,-0.094,0.64
32280,9.532,0.414,8.242,32280,0.67,-0.076,0.658
32290,9.402,0.622,9.056,32290,0.63,-0.054,0.674
32300,9.214,0.718,9.616,32300,0.616,-0.028,0.68
32310,9.154,0.804,10.054,32310,0.622,-0.004,0.688
32320,9.038,0.802,10.132,32320,0.624,-0.014,0.698
32330,8.842,0.638,9.942,32330,0.632,-0.058,0.708
32340,8.544,0.494,9.796,32340,0.66,-0.122,0.73
32350,7.994,0.49,9.938,32350,0.688,-0.188,0.74
32360,7.312,0.57,10.17,32360,0.7,-0.238,0.74
32370,6.76,0.684,10.1,32370,0.692,-0.28,0.746
32380,6.31,0.746,9.804,32380,0.656,-0.312,0.738
32390,6.038,0.736,9.432,32390,0.616,-0.346,0.72
32400,5.814,0.778,9.02,32400,0.578,-0.372,0.706
32410,5.53,0.834,8.788,32410,0.556,-0.382,0.706
32420,5.208,0.85,8.402,32420,0.54,-0.366,0.724
32430,5.016,0.836,7.874,32430,0.52,-0.34,0.74
32440,4.912,0.832,7.336,32440,0.496,-0.334,0.738
32450,4.848,0.894,6.968,32450,0.502,-0.316,0.728
32460,4.72,0.98,6.86,32460,0.516,-0.286,0.738
32470,4.526,0.99,6.812,32470,0.552,-0.248,0.746
32480,4.428,0.94,6.638,32480,0.576,-0.196,0.738
32490,4.476,0.798,6.51,32490,0.566,-0.164,0.696
32500,4.552,0.672,6.228,32500,0.508,-0.132,0.642
32510,4.742,0.65,6.092,32510,0.426,-0.082,0.6
32520,4.836,0.774,6.356,32520,0.354,-0.058,0.564
32530,4.886,0.988,6.622,32530,0.316,-0.044,0.536
32540,4.974,1.128,6.9,32540,0.318,-0.012,0.508
32550,4.944,1.062,7.1,32550,0.348,0.014,0.486
32560,5.044,0.868,7.138,32560,0.394,0.052,0.468
32570,5.304,0.57,7.35,32570,0.44,0.092,0.436
32580,5.628,0.276,7.548,32580,0.478,0.108,0.398
32590,6.016,0.11,7.626,32590,0.516,0.106,0.364
32600,6.338,0.046,7.804,32600,0.558,0.09,0.34
32610,6.524,0.106,7.998,32610,0.576,0.058,0.312
32620,6.67,0.212,7.998,32620,0.57,0.028,0.276
32630,6.79,0.434,8.108,32630,0.56,0.004,0.248
32640,6.776,0.75,8.262,32640,0.546,-0.018,0.22
32650,6.72,1.054,8.442,32650,0.528,-0.05,0.2
32660,6.664,1.27,8.458,32660,0.526,-0.08,0.198
32670,6.474,1.476,8.432,32670,0.53,-0.098,0.204
32680,6.16,1.688,8.364,32680,0.546,-0.106,0.206
32690,5.88,1.854,8.072,32690,0.584,-0.094,0.206
32700,5.638,1.91,7.782,32700,0.64,-0.06,0.204
32710,5.43,1.908,7.636,32710,0.704,-0.02,0.208
32720,5.26,1.938,7.418,32720,0.754,0.01,0.216
32730,5.052,2.014,7.12,32730,0.758,0.036,0.212
32740,4.82,2.084,6.744,32740,0.732,0.058,0.192
32750,4.584,2.248,6.48,32750,0.698,0.084,0.176
32760,4.316,2.398,6.428,32760,0.664,0.112,0.16
32770,4.102,2.508,6.4,32770,0.638,0.15,0.134
32780,4.042,2.548,6.3,32780,0.628,0.188,0.098
32790,4.066,2.568,6.32,32790,0.642,0.224,0.066
32800,4.066,2.508,6.428,32800,0.66,0.242,0.03
32810,4.062,2.362,6.432,32810,0.678,0.248,-0.01
32820,4,2.23,6.362,32820,0.686,0.244,-0.062
32830,3.87,2.182,6.346,32830,0.68,0.238,-0.138
32840,3.798,2.22,6.384,32840,0.654,0.242,-0.234
32850,3.83,2.352,6.522,32850,0.614,0.26,-0.332
32860,3.938,2.458,6.818,32860,0.576,0.284,-0.418
32870,4.15,2.572,7.078,32870,0.534,0.296,-0.484
32880,4.39,2.708,7.28,32880,0.51,0.286,-0.53
32890,4.554,2.858,7.426,32890,0.502,0.27,-0.574
32900,4.572,2.96,7.58,32900,0.498,0.236,-0.62
32910,4.54,3.076,7.874,32910,0.506,0.192,-0.666
32920,4.562,3.202,8.21,32920,0.52,0.16,-0.712
32930,4.626,3.306,8.466,32930,0.52,0.144,-0.76
32940,4.756,3.422,8.582,32940,0.49,0.138,-0.81
32950,4.976,3.61,8.702,32950,0.452,0.142,-0.848
32960,5.258,3.904,8.904,32960,0.426,0.144,-0.862
32970,5.516,4.228,9.056,32970,0.42,0.13,-0.842
32980,5.72,4.47,9.108,32980,0.44,0.112,-0.806
32990,5.772,4.658,9.086,32990,0.464,0.094,-0.772
33000,5.792,4.762,8.904,33000,0.496,0.076,-0.73
33010,5.864,4.85,8.74,33010,0.518,0.05,-0.686
33020,5.906,4.922,8.638,33020,0.514,0.012,-0.644
33030,5.928,5.044,8.502,33030,0.484,-0.012,-0.592
33040,5.894,5.2,8.362,33040,0.428,-0.012,-0.53
33050,5.874,5.372,8.23,33050,0.37,-0.006,-0.476
33060,5.956,5.602,8.022,33060,0.334,-0.016,-0.416
33070,6.13,5.808,7.844,33070,0.33,-0.02,-0.348
33080,6.104,5.82,7.826,33080,0.35,-0.016,-0.27
33090,5.958,5.644,7.81,33090,0.384,-0.012,-0.188
33100,5.904,5.438,7.658,33100,0.39,-0.014,-0.12
33110,5.876,5.268,7.384,33110,0.368,-0.03,-0.068
33120,5.802,5.184,7.098,33120,0.342,-0.046,-0.024
33130,5.614,5.22,7.042,33130,0.28,-0.05,0.004
33140,5.372,5.23,6.896,33140,0.198,-0.058,0.012
33150,5.23,5.256,6.67,33150,0.136,-0.062,0.012
33160,5.158,5.274,6.578,33160,0.148,-0.056,0.026
33170,5.072,5.256,6.532,33170,0.212,-0.04,0.042
33180,5.008,5.144,6.38,33180,0.272,-0.028,0.04
33190,4.964,4.934,6.206,33190,0.278,-0.022,0.032
33200,4.93,4.66,6.186,33200,0.216,-0.018,0.024
33210,4.77,4.52,6.166,33210,0.108,-0.03,0.022
33220,4.658,4.632,6.306,33220,0.012,-0.044,0.028
33230,4.58,4.95,6.446,33230,-0.05,-0.03,0.038
33240,4.568,5.272,6.584,33240,-0.078,-0.002,0.052
33250,4.674,5.454,6.58,33250,-0.074,0.022,0.072
33260,4.896,5.362,6.59,33260,-0.046,0.028,0.096
33270,5.084,5.23,6.728,33270,-0.016,0.016,0.11
33280,5.106,5.058,6.812,33280,-0.014,0,0.114
33290,4.952,4.946,6.856,33290,-0.062,-0.02,0.102
33300,4.782,4.9,6.832,33300,-0.144,-0.044,0.078
33310,4.674,4.946,6.9,33310,-0.224,-0.068,0.054
33320,4.648,5.132,7.084,33320,-0.244,-0.084,0.03
33330,4.63,5.278,7.276,33330,-0.206,-0.102,0.008
33340,4.67,5.134,7.412,33340,-0.134,-0.11,-0.022
33350,4.74,4.798,7.494,33350,-0.044,-0.1,-0.038
33360,4.79,4.458,7.572,33360,0.042,-0.082,-0.034
33370,4.924,4.178,7.638,33370,0.084,-0.076,-0.034
33380,5.164,4.016,7.714,33380,0.058,-0.076,-0.06
33390,5.376,3.994,7.874,33390,0.01,-0.086,-0.094
33400,5.358,4.156,8.138,33400,-0.052,-0.102,-0.126
33410,5.274,4.448,8.248,33410,-0.132,-0.118,-0.166
33420,5.168,4.72,8.378,33420,-0.218,-0.144,-0.212
33430,4.986,4.974,8.556,33430,-0.296,-0.196,-0.25
33440,4.796,5.126,8.728,33440,-0.36,-0.258,-0.28
33450,4.55,5.084,8.756,33450,-0.4,-0.312,-0.304
33460,4.328,5.044,8.78,33460,-0.428,-0.372,-0.322
33470,4.058,5.018,8.914,33470,-0.442,-0.446,-0.33
33480,3.82,4.956,8.888,33480,-0.448,-0.504,-0.344
33490,3.592,4.824,8.7,33490,-0.48,-0.53,-0.374
33500,3.434,4.6,8.376,33500,-0.552,-0.518,-0.416
33510,3.504,4.43,8.096,33510,-0.652,-0.504,-0.48
33520,3.82,4.38,7.936,33520,-0.746,-0.494,-0.556
33530,4.252,4.38,8.054,33530,-0.8,-0.472,-0.62
33540,4.522,4.222,8.232,33540,-0.834,-0.446,-0.674
33550,4.642,3.954,8.156,33550,-0.862,-0.436,-0.73
33560,4.786,3.656,8.046,33560,-0.862,-0.44,-0.778
33570,4.836,3.35,8.042,33570,-0.84,-0.436,-0.82
33580,4.714,3.05,8.152,33580,-0.83,-0.422,-0.862
33590,4.582,2.794,8.146,33590,-0.83,-0.414,-0.902
33600,4.502,2.68,8.044,33600,-0.828,-0.412,-0.926
33610,4.464,2.582,8.068,33610,-0.844,-0.412,-0.942
33620,4.434,2.6,8.102,33620,-0.868,-0.422,-0.97
33630,4.408,2.728,8.104,33630,-0.866,-0.434,-0.996
33640,4.35,2.824,8.044,33640,-0.834,-0.442,-1
33650,4.298,2.872,8.074,33650,-0.8,-0.448,-1.002
33660,4.218,2.934,7.994,33660,-0.78,-0.446,-1.02
33670,4.226,3.02,7.76,33670,-0.752,-0.444,-1.024
33680,4.162,3.078,7.546,33680,-0.736,-0.446,-1.01
33690,4.138,3.176,7.452,33690,-0.762,-0.46,-0.998
33700,4.138,3.408,7.302,33700,-0.808,-0.46,-0.998
33710,4.088,3.726,6.992,33710,-0.872,-0.438,-1.006
33720,4.14,3.846,6.812,33720,-0.94,-0.39,-1.036
33730,4.496,3.858,6.67,33730,-0.988,-0.322,-1.068
33740,4.968,3.926,6.67,33740,-1.004,-0.27,-1.096
33750,5.286,4.198,6.57,33750,-0.982,-0.252,-1.126
33760,5.48,4.516,6.262,33760,-0.986,-0.25,-1.156
33770,5.608,4.744,6.178,33770,-1.016,-0.236,-1.174
33780,5.668,4.982,6.252,33780,-1.062,-0.218,-1.16
33790,5.874,5.262,6.538,33790,-1.112,-0.198,-1.136
33800,6.218,5.582,6.922,33800,-1.174,-0.192,-1.16
33810,6.62,6.014,7.032,33810,-1.23,-0.206,-1.23
33820,7.046,6.444,7.014,33820,-1.274,-0.22,-1.29
33830,7.114,6.786,7.09,33830,-1.306,-0.204,-1.312
33840,6.838,7.102,7.002,33840,-1.282,-0.17,-1.324
33850,6.596,7.59,6.53,33850,-1.132,-0.134,-1.302
33860,6.584,7.906,6.288,33860,-0.89,-0.114,-1.22
33870,6.586,7.818,6.094,33870,-0.646,-0.106,-1.098
33880,6.69,7.434,5.906,33880,-0.486,-0.122,-0.982
33890,6.846,6.968,5.746,33890,-0.468,-0.176,-0.884
33900,7.014,6.642,5.94,33900,-0.568,-0.248,-0.798
33910,7.09,6.758,6.318,33910,-0.728,-0.314,-0.712
33920,7.09,7.23,6.476,33920,-0.86,-0.362,-0.626
33930,7.114,7.796,6.586,33930,-0.908,-0.404,-0.522
33940,7.168,8.068,6.524,33940,-0.842,-0.44,-0.384
33950,7.194,7.89,6.244,33950,-0.674,-0.462,-0.232
33960,7.054,7.312,5.832,33960,-0.488,-0.482,-0.098
33970,6.944,6.442,5.406,33970,-0.354,-0.504,0.006
33980,6.772,5.634,5.054,33980,-0.32,-0.526,0.102
33990,6.456,5.164,4.87,33990,-0.376,-0.534,0.186
34000,6.046,5.196,4.836,34000,-0.48,-0.526,0.246
34010,5.644,5.45,4.834,34010,-0.588,-0.518,0.274
34020,5.38,5.614,4.774,34020,-0.664,-0.514,0.288
34030,5.128,5.498,4.628,34030,-0.698,-0.506,0.312
34040,4.79,5.218,4.394,34040,-0.666,-0.492,0.356
34050,4.508,4.924,4.282,34050,-0.59,-0.48,0.41
34060,4.34,4.672,4.148,34060,-0.5,-0.464,0.444
34070,4.234,4.452,3.96,34070,-0.432,-0.46,0.442
34080,4.192,4.15,3.808,34080,-0.388,-0.468,0.412
34090,4.168,3.85,3.822,34090,-0.356,-0.484,0.37
34100,4.134,3.648,3.95,34100,-0.33,-0.518,0.308
34110,4.18,3.568,4.024,34110,-0.3,-0.54,0.238
34120,4.434,3.694,4.206,34120,-0.234,-0.538,0.2
34130,4.844,4.01,4.568,34130,-0.12,-0.524,0.204
34140,5.396,4.412,4.956,34140,-0.01,-0.51,0.212
34150,6.092,4.822,5.146,34150,0.058,-0.52,0.214
34160,6.822,5.058,5.232,34160,0.098,-0.568,0.248
34170,7.494,5.17,5.732,34170,0.142,-0.636,0.324
34180,8.038,5.576,6.368,34180,0.192,-0.708,0.412
34190,8.52,6.408,6.768,34190,0.25,-0.806,0.48
34200,8.936,7.332,6.892,34200,0.336,-0.938,0.56
34210,9.216,8.032,6.94,34210,0.43,-1.1,0.652
34220,9.336,8.466,7.152,34220,0.552,-1.276,0.742
34230,9.492,8.82,7.114,34230,0.726,-1.422,0.846
34240,9.818,8.766,7.242,34240,0.93,-1.53,0.988
34250,10.202,8.4,7.284,34250,1.082,-1.638,1.148
34260,10.592,8.122,7.098,34260,1.128,-1.716,1.276
34270,10.776,8.084,6.898,34270,1.118,-1.776,1.4
34280,10.812,8.092,6.706,34280,1.126,-1.846,1.586
34290,10.816,8.02,6.618,34290,1.178,-1.896,1.808
34300,10.612,7.988,6.578,34300,1.246,-1.904,2.012
34310,10.4,7.88,6.226,34310,1.306,-1.882,2.132
34320,10.378,7.66,5.794,34320,1.306,-1.902,2.226
34330,10.458,7.362,5.632,34330,1.216,-2.048,2.348
34340,9.872,7.036,5.77,34340,1.144,-2.29,2.494
34350,8.69,6.542,5.802,34350,1.192,-2.448,2.698
34360,8.408,5.528,5.658,34360,1.28,-2.346,2.828
34370,10.168,4.068,5.416,34370,1.402,-2.18,2.852
34380,13.734,2.508,5.424,34380,1.67,-2.256,2.97
34390,16.89,1.43,5.868,34390,1.986,-2.444,3.236
34400,17.38,1.058,5.838,34400,2.198,-2.572,3.452
34410,15.482,1.334,5.014,34410,2.212,-2.68,3.48
34420,13.712,1.812,4.03,34420,2.128,-2.816,3.382
34430,13.146,2.39,3.458,34430,2.134,-2.978,3.27
34440,13.096,3.012,3.31,34440,2.222,-3.136,3.232
34450,13.332,3.358,2.844,34450,2.416,-3.304,3.3
34460,13.74,3.72,1.952,34460,2.722,-3.518,3.444
34470,14.048,3.972,1.278,34470,3.07,-3.706,3.632
34480,13.888,4.288,0.62,34480,3.354,-3.824,3.778
34490,13.306,4.632,-0.438,34490,3.524,-3.922,3.808
34500,13.014,4.988,-1.698,34500,3.59,-4.034,3.728
34510,12.644,5.454,-2.822,34510,3.662,-4.114,3.612
34520,11.694,5.912,-3.768,34520,3.822,-4.152,3.48
34530,10.592,6.158,-4.664,34530,4.108,-4.176,3.36
34540,9.932,6.112,-5.702,34540,4.438,-4.16,3.292
34550,9.38,5.672,-6.978,34550,4.718,-4.108,3.244
34560,8.952,5.302,-8.546,34560,4.93,-4.02,3.184
34570,9.214,5.224,-9.806,34570,5.116,-3.906,3.128
34580,9.864,5.186,-10.628,34580,5.232,-3.776,3.05
34590,10.544,5.008,-11.542,34590,5.276,-3.586,2.974
34600,11.048,4.772,-12.618,34600,5.234,-3.258,2.922
34610,11.35,4.288,-13.618,34610,5.012,-2.81,2.702
34620,11.544,3.816,-14.848,34620,4.398,-2.238,2.196
34630,11.69,3.532,-16.326,34630,3.348,-1.58,1.368
34640,10.582,3.41,-17.898,34640,2.218,-0.952,0.136
34650,7.902,2.962,-19.756,34650,1.212,-0.374,-1.928
34660,4.37,1.412,-21.26,34660,1.016,0.418,-4.468
34670,0.65,-1.642,-24.062,34670,2.622,2.768,-6.6
34680,-2.71,-9.074,-29.878,34680,4.864,6.704,-8.562
34690,-3.192,-20.034,-36.136,34690,6.118,10.07,-10.124
34700,1.312,-30.356,-39.214,34700,6.256,12.172,-10.248
34710,1.424,-35.814,-39.214,34710,4.238,14.036,-11.474
34720,-14.244,-33.6,-39.14,34720,0.8,16,-13.618
34730,-36.232,-18.936,-39.214,34730,-1.816,17.806,-14
34740,-38.784,1.164,-35.988,34740,-2.666,17.112,-13.104
34750,-38.55,15.886,-19.126,34750,-4.972,15.284,-11.862
34760,-38.686,27.32,-0.198,34760,-7.986,12.19,-11.04
34770,-38.784,35.144,17.474,34770,-9.648,6.576,-8.482
34780,-38.782,38.618,32.85,34780,-7.094,4.886,-5.756
34790,-38.454,24.552,12.664,34790,-2.44,5.674,-4.304
34800,-38.746,-4.222,16.222,34800,0.436,8.37,-3.072
34810,-37.388,-25.718,9.814,34810,2.798,11.456,-1.704
34820,-18.92,-32.812,-14.638,34820,5.02,11.366,-1.182
34830,-5.134,-30.192,-15.846,34830,6.412,8.802,-0.942
34840,-14.59,-23.15,5.026,34840,6.052,6.164,-0.526
34850,-32.516,-22.176,-3.504,34850,4.256,5.316,-0.638
34860,-38.784,-17.208,-4.942,34860,1.592,5.326,-1.136
34870,-38.784,-4.986,-2.58,34870,-1.42,5.49,-1.554
34880,-38.616,10.916,11.25,34880,-3.712,5.402,-1.51
34890,-38.106,22.266,17.786,34890,-4.254,4.908,-0.958
34900,-36.578,27.374,21.246,34900,-3.028,4.352,-0.196
34910,-37.648,23.002,23.156,34910,-0.926,4.13,0.582
34920,-38.054,9.826,21.554,34920,0.866,4.252,1.278
34930,-37.186,-2.782,19.722,34930,1.588,4.038,1.51
34940,-35.386,-10.06,19.442,34940,1.32,3.48,1.282
34950,-32.888,-9.082,19.642,34950,0.656,3.026,1.024
34960,-32.538,-0.18,20.332,34960,0,2.7,0.892
34970,-32.554,8.022,20.898,34970,-0.354,2.444,0.884
34980,-30.292,12.036,21.256,34980,-0.368,2.206,0.964
34990,-26.55,12.932,19.368,34990,-0.122,2.032,1.046
35000,-22.952,11.888,18.196,35000,0.24,1.926,1.086
35010,-20.08,9.708,16.108,35010,0.58,1.844,1.056
35020,-17.786,7.264,13.164,35020,0.828,1.736,0.996
35030,-15.978,5.91,10.878,35030,0.974,1.552,0.924
35040,-14.158,5.522,8.192,35040,1.09,1.42,0.812
35050,-12.328,5.196,6.19,35050,1.13,1.378,0.64
35060,-10.792,4.592,4.944,35060,0.972,1.376,0.406
35070,-9.254,4.37,4.048,35070,0.65,1.44,0.198
35080,-8.044,4.678,3.382,35080,0.258,1.486,0.042
35090,-7.342,5.222,3,35090,-0.136,1.442,-0.086
35100,-6.86,5.65,2.614,35100,-0.49,1.264,-0.274
35110,-6.968,5.776,2.558,35110,-0.742,1.076,-0.54
35120,-7.5,5.618,3.094,35120,-0.784,1.028,-0.78
35130,-8.046,4.922,3.142,35130,-0.63,1.112,-0.924
35140,-7.796,3.742,2.684,35140,-0.398,1.254,-0.97
35150,-6.834,2.952,2.694,35150,-0.22,1.438,-0.966
35160,-5.936,2.73,3.002,35160,-0.16,1.538,-0.954
35170,-5.534,3.004,3.178,35170,-0.208,1.412,-0.94
35180,-5.8,3.894,3.626,35180,-0.342,1.152,-0.882
35190,-6.744,5.218,4.47,35190,-0.654,0.852,-0.818
35200,-8.014,6.278,4.728,35200,-1.074,0.62,-0.876
35210,-8.79,7.57,5.542,35210,-1.09,0.486,-0.856
35220,-9.128,8.5,6.812,35220,-0.506,0.352,-0.52
35230,-8.866,7.466,6.846,35230,0.288,0.132,-0.112
35240,-7.998,5.2,5.534,35240,0.824,-0.132,0.032
35250,-7.546,3.678,4.22,35250,1.328,-0.244,0.172
35260,-8.066,2.676,3.694,35260,1.912,-0.328,0.666
35270,-8.44,0.57,2.382,35270,2.156,-0.46,1.096
35280,-8.126,-0.682,2.242,35280,2.154,-0.568,1.212
35290,-7.76,1.072,2.464,35290,2.06,-0.602,1.272
35300,-7.512,2.836,0.802,35300,2.002,-0.644,1.428
35310,-7.042,3.354,-1.034,35310,1.954,-0.802,1.586
35320,-6.68,3.87,-1.04,35320,1.316,-1.014,1.406
35330,-7.724,5.57,2.284,35330,0.66,-1.062,0.66
35340,-10.836,8.132,6.4,35340,0.326,-0.854,0.116
35350,-12.02,6.978,4.142,35350,0.688,-0.31,0.32
35360,-9.16,0.538,-3.476,35360,1.706,0.234,0.73
35370,-5.8,-6.08,-8.506,35370,2.638,0.426,0.872
35380,-3.498,-9.074,-8.364,35380,3.11,0.448,0.88
35390,-3.866,-8.956,-5.97,35390,3.208,0.462,0.93
35400,-6.242,-8.184,-4.694,35400,3.042,0.392,0.992
35410,-8.03,-6.722,-5.416,35410,2.706,0.156,1.004
35420,-9.308,-4.042,-5.57,35420,2.34,-0.16,0.938
35430,-11.262,-1.094,-4.552,35430,2.04,-0.426,0.84
35440,-13.552,1.158,-3.962,35440,1.834,-0.614,0.76
35450,-15.138,2.716,-4.262,35450,1.72,-0.72,0.712
35460,-15.778,3.806,-4.478,35460,1.692,-0.68,0.698
35470,-15.742,4.576,-3.97,35470,1.768,-0.526,0.754
35480,-15.036,4.812,-3.48,35480,1.902,-0.37,0.798
35490,-13.956,4.742,-3.164,35490,2.05,-0.262,0.742
35500,-13.19,4.898,-2.51,35500,2.214,-0.226,0.648
35510,-13.088,5.332,-1.496,35510,2.35,-0.18,0.564
35520,-13.564,5.768,-0.24,35520,2.446,-0.094,0.51
35530,-13.982,6.24,0.64,35530,2.58,-0.084,0.554
35540,-14.06,6.98,1.386,35540,2.84,-0.244,0.726
35550,-13.99,7.55,2.154,35550,3.2,-0.552,0.934
35560,-14.406,7.912,3.568,35560,3.52,-0.932,1.074
35570,-15.312,8.292,5.338,35570,3.66,-1.296,1.138
35580,-16.036,8.49,6.816,35580,3.486,-1.584,1.14
35590,-16.056,8.432,7.416,35590,2.952,-1.814,1.034
35600,-15.442,8.758,8.322,35600,2.216,-2.044,0.846
35610,-14.206,9.566,9.438,35610,1.54,-2.208,0.664
35620,-12.72,10.106,9.924,35620,1.1,-2.354,0.502
35630,-11.294,9.816,9.372,35630,0.93,-2.536,0.382
35640,-9.974,8.67,8.742,35640,0.976,-2.696,0.38
35650,-9.108,6.816,7.704,35650,1.144,-2.8,0.524
35660,-8.702,5.022,6.524,35660,1.242,-2.91,0.746
35670,-8.376,3.976,5.746,35670,1.172,-3.062,0.958
35680,-8.118,3.98,5.092,35680,1.012,-3.21,1.16
35690,-8.096,5.05,4.522,35690,0.814,-3.34,1.33
35700,-8.45,6.448,4.374,35700,0.524,-3.474,1.436
35710,-9.014,7.782,4.422,35710,0.166,-3.65,1.514
35720,-9.544,8.79,4.186,35720,-0.122,-3.846,1.632
35730,-10.044,8.97,3.768,35730,-0.256,-3.986,1.768
35740,-10.578,8.848,3.642,35740,-0.31,-4.14,1.798
35750,-10.672,9.018,3.196,35750,-0.344,-4.314,1.696
35760,-10.54,9.118,2.968,35760,-0.332,-4.424,1.568
35770,-10.71,8.444,3.362,35770,-0.314,-4.542,1.482
35780,-10.776,7.19,3.044,35780,-0.33,-4.656,1.448
35790,-10.62,6.124,2.918,35790,-0.368,-4.734,1.394
35800,-10.752,5.414,2.21,35800,-0.468,-4.74,1.286
35810,-10.696,5.07,1.308,35810,-0.644,-4.694,1.136
35820,-10.332,5.19,0.764,35820,-0.84,-4.628,0.968
35830,-9.688,5.396,0.84,35830,-1.014,-4.556,0.792
35840,-9.014,5.198,1.17,35840,-1.176,-4.526,0.576
35850,-8.528,4.81,1.27,35850,-1.266,-4.528,0.352
35860,-8.34,4.426,1.392,35860,-1.284,-4.492,0.164
35870,-8.456,3.9,1.508,35870,-1.266,-4.414,-0.012
35880,-8.29,3.638,1.318,35880,-1.276,-4.324,-0.19
35890,-7.606,3.702,1.29,35890,-1.362,-4.232,-0.352
35900,-6.984,3.944,1.952,35900,-1.496,-4.13,-0.47
35910,-6.542,4.356,2.364,35910,-1.618,-3.984,-0.548
35920,-6.16,4.984,2.44,35920,-1.748,-3.768,-0.634
35930,-5.77,5.924,2.604,35930,-1.884,-3.554,-0.706
35940,-5.098,7.054,2.866,35940,-1.96,-3.338,-0.71
35950,-4.236,7.8,3.484,35950,-2.014,-3.148,-0.708
35960,-3.434,8.346,3.774,35960,-2.038,-3.016,-0.754
35970,-2.624,9.18,3.834,35970,-1.952,-2.86,-0.714
35980,-2.268,10.122,4.526,35980,-1.822,-2.726,-0.66
35990,-2.394,11.348,4.624,35990,-1.78,-2.698,-0.702
36000,-1.96,12.984,3.954,36000,-1.824,-2.684,-0.74
36010,-1.728,14.474,3.766,36010,-1.914,-2.684,-0.71
36020,-1.714,15.492,3.838,36020,-1.886,-2.588,-0.64
36030,-0.95,16.184,4.004,36030,-1.856,-2.514,-0.582
36040,0.134,16.88,4.072,36040,-1.91,-2.498,-0.52
36050,1.304,17.562,3.664,36050,-1.918,-2.468,-0.386
36060,1.77,17.674,3.368,36060,-1.896,-2.398,-0.224
36070,2.02,17.132,3.398,36070,-1.904,-2.286,-0.134
36080,2.796,16.464,3.336,36080,-1.92,-2.202,-0.15
36090,3.794,15.85,3.12,36090,-1.84,-2.158,-0.156
36100,4.582,15.238,3.142,36100,-1.636,-2.088,-0.108
36110,5.006,14.668,2.9,36110,-1.324,-2,-0.044
36120,5.456,14.176,2.194,36120,-0.93,-1.89,0.09
36130,6.134,13.3,1.792,36130,-0.568,-1.748,0.326
36140,6.818,12.164,1.824,36140,-0.442,-1.578,0.508
36150,7.464,11.068,1.812,36150,-0.576,-1.444,0.59
36160,8.194,10.184,2.254,36160,-0.846,-1.334,0.708
36170,8.6,9.742,3.288,36170,-1.12,-1.22,0.874
36180,8.636,9.91,4.158,36180,-1.348,-1.148,0.992
36190,8.746,10.384,4.224,36190,-1.43,-1.144,1.074
36200,8.832,10.466,3.89,36200,-1.35,-1.162,1.172
36210,8.452,9.772,3.902,36210,-1.184,-1.19,1.286
36220,7.96,8.664,3.752,36220,-1.002,-1.248,1.39
36230,7.74,7.652,3.286,36230,-0.83,-1.32,1.466
36240,7.582,6.822,3.052,36240,-0.66,-1.376,1.536
36250,7.376,6.056,2.988,36250,-0.5,-1.442,1.61
36260,7.288,5.464,2.97,36260,-0.338,-1.48,1.708
36270,7.202,5.244,2.83,36270,-0.184,-1.516,1.806
36280,6.96,5.272,2.692,36280,-0.054,-1.572,1.892
36290,6.73,5.596,2.514,36290,0.066,-1.646,1.99
36300,6.416,5.926,2.366,36300,0.112,-1.74,2.056
36310,6.088,6.156,2.356,36310,0.08,-1.866,2.074
36320,6.018,6.328,2.352,36320,0.076,-1.964,2.078
36330,6.076,6.228,2.518,36330,0.136,-2,2.14
36340,6.178,5.852,3.028,36340,0.282,-1.992,2.212
36350,6.542,5.548,3.086,36350,0.478,-1.992,2.256
36360,7.3,5.546,3.376,36360,0.682,-2.032,2.306
36370,7.986,5.752,3.47,36370,0.894,-2.094,2.37
36380,8.13,5.892,3.512,36380,1.086,-2.144,2.474
36390,8.206,5.82,3.568,36390,1.178,-2.17,2.564
36400,8.512,5.558,3.906,36400,1.192,-2.242,2.624
36410,8.978,5.302,4.072,36410,1.09,-2.322,2.722
36420,9.47,5.19,4.318,36420,0.904,-2.452,2.808
36430,9.772,5.714,4.686,36430,0.812,-2.642,2.898
36440,10.282,6.51,5.196,36440,0.942,-2.796,3.052
36450,10.926,6.714,6.008,36450,1.258,-2.948,3.242
36460,11.914,6.302,6.246,36460,1.684,-3.102,3.428
36470,13.37,5.686,5.684,36470,2.076,-3.26,3.586
36480,14.596,4.994,5.116,36480,2.24,-3.452,3.688
36490,15.42,4.328,4.626,36490,2.28,-3.734,3.788
36500,15.75,3.87,4.35,36500,2.366,-4.01,3.952
36510,15.708,3.59,4.428,36510,2.516,-4.23,4.14
36520,15.492,3.538,3.882,36520,2.634,-4.45,4.324
36530,15.794,3.838,2.578,36530,2.706,-4.712,4.476
36540,16.144,4.186,1.176,36540,2.842,-4.996,4.622
36550,16.138,4.284,-0.156,36550,3.022,-5.224,4.786
36560,16.188,3.702,-1.532,36560,3.24,-5.414,4.862
36570,16.546,2.508,-3.014,36570,3.488,-5.576,4.85
36580,17.528,1.04,-4.552,36580,3.768,-5.686,4.83
36590,18.352,-0.46,-6.212,36590,4.026,-5.704,4.776
36600,18.802,-1.576,-8.156,36600,4.174,-5.634,4.608
36610,19.08,-2.304,-10.246,36610,4.246,-5.508,4.318
36620,18.998,-2.84,-12.382,36620,4.336,-5.324,3.906
36630,18.274,-3.11,-14.394,36630,4.26,-4.928,3.208
36640,17.036,-3.118,-16.052,36640,3.776,-4.104,2.098
36650,15.49,-2.644,-17.97,36650,2.986,-2.682,0.624
36660,12.912,-1.964,-20.668,36660,2.378,-1.158,-1.39
36670,9.066,-1.914,-25.146,36670,2.836,-0.642,-4.21
36680,5.004,-3.112,-30.112,36680,4.812,0.598,-6.62
36690,-0.952,-6.512,-36.146,36690,6.538,5.4,-8.144
36700,-12.946,-13.84,-39.214,36700,7.508,10.382,-9.874
36710,-15.262,-24.742,-39.214,36710,8.338,12.804,-10.064
36720,-0.036,-31.72,-39.14,36720,7.094,13.71,-11.63
36730,-14.292,-32.92,-39.214,36730,3.49,15.094,-15.29
36740,-38.784,-24.47,-39.214,36740,-1.09,15.978,-16.63
36750,-38.784,0.242,-38.444,36750,-4.822,16.498,-15.896
36760,-38.308,17.31,-24.378,36760,-7.82,17.894,-13.224
36770,-38.776,27.082,-2.79,36770,-9.356,17.972,-12.09
36780,-38.784,37.282,16.998,36780,-9.624,11.006,-9.518
36790,-38.776,38.618,36.968,36790,-7.942,5.184,-4.976
36800,-38.782,29.918,18.388,36800,-4.456,4.66,-3.002
36810,-38.784,-3.86,-11.076,36810,-1.454,7.488,-3.086
36820,-38.708,-22.574,17.178,36820,0.656,10.368,-2.33
36830,-26.244,-23.5,-6.59,36830,3.624,10.864,-1.304
36840,-10.466,-23.134,-8.744,36840,6.13,8.122,-1.042
36850,-9.604,-23.254,2.388,36850,6.404,3.956,-0.34
36860,-27.692,-23.336,4.752,36860,4.758,3.304,-0.132
36870,-38.784,-25.498,-3.864,36870,2.372,5.304,-0.24
36880,-38.784,-16.624,-7.84,36880,0.2,6.292,-0.396
36890,-33.188,1.916,7.634,36890,-1.306,5.28,-0.378
36900,-20.764,15.09,22.586,36900,-1.956,4.152,0.24
36910,-21.112,21.076,24.422,36910,-2.116,3.806,1.102
36920,-30.426,19.61,21.23,36920,-1.988,3.72,1.728
36930,-31.866,12.616,18.258,36930,-1.46,3.696,2.006
36940,-26.818,6.806,17.644,36940,-0.59,3.624,2.19
36950,-23.054,4.282,18.768,36950,0.178,3.282,2.406
36960,-21.732,2.406,19.512,36960,0.904,2.594,2.718
36970,-21.668,0.896,20.098,36970,1.464,1.8,3.032
36980,-22.506,-0.498,21.822,36980,1.828,1.234,3.342
36990,-23.124,0.478,22.75,36990,2,0.888,3.624
37000,-21.066,1.71,19.71,37000,1.884,0.716,3.692
37010,-17.71,2.752,17.824,37010,1.41,0.85,3.5
37020,-14.63,4.43,16.41,37020,0.776,1.116,3.16
37030,-12.25,5.94,13.582,37030,0.166,1.28,2.79
37040,-10.47,6.816,12.504,37040,-0.5,1.292,2.354
37050,-9.606,7.618,12.222,37050,-1.168,1.33,1.888
37060,-9.8,8.936,12.47,37060,-1.576,1.376,1.626
37070,-10.966,9.726,12.89,37070,-1.614,1.276,1.708
37080,-12.218,9.692,12.034,37080,-1.424,0.954,1.948
37090,-13.082,9.084,9.618,37090,-1.08,0.53,2.098
37100,-14.42,8.34,8.394,37100,-0.702,0.194,2.05
37110,-16.148,7.294,7.284,37110,-0.498,-0.014,1.798
37120,-17.082,6.236,4.85,37120,-0.534,-0.014,1.432
37130,-17.16,6.368,3.862,37130,-0.68,0.14,1.068
37140,-15.882,6.998,4.448,37140,-0.796,0.27,0.746
37150,-13.66,7.024,5.578,37150,-0.868,0.3,0.506
37160,-11.878,6.694,6.26,37160,-0.89,0.264,0.408
37170,-11.486,6.394,5.728,37170,-0.822,0.152,0.438
37180,-12.14,6.05,4.482,37180,-0.674,-0.012,0.52
37190,-12.942,5.628,3.324,37190,-0.418,-0.172,0.602
37200,-13.452,5.372,2.466,37200,-0.124,-0.314,0.624
37210,-13.378,4.998,1.736,37210,0.142,-0.482,0.548
37220,-12.426,4.236,1.388,37220,0.42,-0.634,0.412
37230,-11.118,3.158,1.758,37230,0.688,-0.764,0.258
37240,-10.054,2.298,2.22,37240,0.984,-0.896,0.12
37250,-9,1.972,2.312,37250,1.502,-1.008,0.136
37260,-8.118,1.544,2.34,37260,2.09,-1.094,0.342
37270,-7.422,1.058,1.898,37270,2.376,-1.198,0.432
37280,-6.646,1.028,0.852,37280,2.404,-1.308,0.46
37290,-5.656,0.83,-0.17,37290,2.26,-1.33,0.518
37300,-5.464,0.496,-0.06,37300,1.976,-1.432,0.486
37310,-5.232,1.2,-0.438,37310,1.624,-1.596,0.356
37320,-4.582,2.274,-0.768,37320,1.312,-1.756,0.24
37330,-4.718,2.736,-0.902,37330,1.172,-1.91,0.146
37340,-5.2,2.916,-0.876,37340,1.146,-1.986,0.03
37350,-5.238,2.858,-0.498,37350,1.092,-2.008,-0.144
37360,-5.256,3.174,0.086,37360,0.966,-1.98,-0.37
37370,-5.274,3.924,0.44,37370,0.906,-1.938,-0.596
37380,-5.18,4.432,0.104,37380,1.018,-1.89,-0.716
37390,-4.642,3.818,-1.112,37390,1.318,-1.692,-0.712
37400,-4.074,2.558,-2.736,37400,1.67,-1.466,-0.716
37410,-3.62,1.812,-4.528,37410,1.922,-1.426,-0.828
37420,-3.312,2.154,-4.968,37420,2.108,-1.49,-0.994
37430,-3.988,3.292,-3.814,37430,2.338,-1.526,-1.098
37440,-5.376,4.488,-2.974,37440,2.62,-1.51,-1.118
37450,-6.164,5.294,-2.864,37450,2.892,-1.462,-1.14
37460,-6.232,6.196,-3.04,37460,3.096,-1.436,-1.24
37470,-6.098,7.296,-2.796,37470,3.28,-1.408,-1.428
37480,-6.352,8.654,-1.994,37480,3.432,-1.294,-1.638
37490,-7.082,10.16,-0.98,37490,3.462,-1.092,-1.75
37500,-7.998,11.654,-0.39,37500,3.408,-0.866,-1.662
37510,-8.542,13.072,-0.85,37510,3.492,-0.768,-1.408
37520,-8.716,14.034,-2.188,37520,3.516,-0.838,-1.186
37530,-9.148,15.088,-1.73,37530,3.316,-0.884,-1.094
37540,-10.612,17.008,1.448,37540,2.992,-0.888,-1.042
37550,-12.012,17.572,4.246,37550,2.568,-0.834,-1.034
37560,-12.202,16.684,6.64,37560,2.194,-0.7,-1.086
37570,-11.256,15.782,8.704,37570,1.966,-0.512,-1.212
37580,-9.506,14.9,10.048,37580,1.768,-0.388,-1.45
37590,-7.604,14.03,10.656,37590,1.478,-0.416,-1.676
37600,-6.252,13.38,10.878,37600,1.182,-0.568,-1.706
37610,-5.984,12.954,11.102,37610,1.014,-0.76,-1.524
37620,-6.61,12.936,11.288,37620,0.944,-1.03,-1.274
37630,-7.538,13.208,11.26,37630,0.926,-1.388,-1.05
37640,-8.502,13.584,10.834,37640,0.894,-1.756,-0.86
37650,-9.532,13.556,10.15,37650,0.764,-2.058,-0.712
37660,-10.262,13.324,9.488,37660,0.506,-2.292,-0.608
37670,-10.144,13.126,8.634,37670,0.182,-2.504,-0.538
37680,-9.318,12.932,8.156,37680,-0.148,-2.728,-0.474
37690,-8.362,12.62,7.956,37690,-0.488,-2.966,-0.416
37700,-7.722,12.276,7.564,37700,-0.756,-3.208,-0.376
37710,-7.344,11.836,6.798,37710,-0.924,-3.41,-0.366
37720,-7.04,10.954,6.22,37720,-0.99,-3.52,-0.37
37730,-6.802,9.99,5.838,37730,-0.97,-3.542,-0.36
37740,-6.332,8.952,5.132,37740,-0.91,-3.56,-0.324
37750,-5.706,7.866,4.408,37750,-0.83,-3.598,-0.284
37760,-5.346,6.89,4.04,37760,-0.78,-3.644,-0.246
37770,-5.416,6.174,3.45,37770,-0.8,-3.708,-0.232
37780,-5.666,5.878,2.752,37780,-0.83,-3.786,-0.23
37790,-5.894,5.894,2.168,37790,-0.846,-3.834,-0.23
37800,-6.142,6.032,1.974,37800,-0.852,-3.856,-0.242
37810,-6.316,6.34,1.716,37810,-0.844,-3.9,-0.282
37820,-6.292,6.39,1.212,37820,-0.792,-3.962,-0.342
37830,-6.22,6.252,0.826,37830,-0.644,-3.992,-0.412
37840,-6.248,5.998,0.548,37840,-0.466,-3.99,-0.492
37850,-6.204,5.722,0.292,37850,-0.338,-3.906,-0.578
37860,-6.034,5.602,0.086,37860,-0.204,-3.8,-0.638
37870,-5.766,5.438,-0.344,37870,-0.06,-3.77,-0.64
37880,-5.434,4.85,-0.464,37880,0.004,-3.72,-0.624
37890,-5.66,4.728,0.092,37890,0,-3.618,-0.614
37900,-5.832,5.122,-0.066,37900,-0.068,-3.466,-0.616
37910,-5.502,5.594,-0.206,37910,-0.166,-3.294,-0.638
37920,-4.85,5.758,-0.04,37920,-0.25,-3.102,-0.686
37930,-4.016,5.614,0.476,37930,-0.282,-2.89,-0.75
37940,-3.234,5.31,1.082,37940,-0.272,-2.692,-0.836
37950,-2.638,4.956,1.51,37950,-0.222,-2.51,-0.922
37960,-2.2,4.644,1.946,37960,-0.128,-2.336,-0.976
37970,-2.042,4.456,2.15,37970,-0.008,-2.142,-1.008
37980,-1.908,4.352,2.248,37980,0.092,-1.938,-1.042
37990,-1.616,4.236,2.426,37990,0.126,-1.752,-1.096
38000,-1.348,4.094,2.752,38000,0.104,-1.61,-1.186
38010,-1.34,4.032,3.148,38010,0.03,-1.506,-1.292
38020,-1.586,4.23,3.728,38020,-0.082,-1.444,-1.402
38030,-2.2,4.966,4.646,38030,-0.182,-1.44,-1.514
38040,-2.834,6.088,5.37,38040,-0.16,-1.374,-1.608
38050,-3.298,7.198,5.948,38050,-0.05,-1.282,-1.664
38060,-3.55,8.214,6.386,38060,0.1,-1.248,-1.7
38070,-3.178,9.206,6.31,38070,0.252,-1.242,-1.722
38080,-2.698,9.928,6.738,38080,0.288,-1.248,-1.706
38090,-2.32,10.44,7.284,38090,0.182,-1.274,-1.64
38100,-2.026,10.842,7.684,38100,-0.01,-1.326,-1.518
38110,-1.912,11.612,8.298,38110,-0.25,-1.356,-1.384
38120,-1.792,12.918,8.954,38120,-0.538,-1.376,-1.3
38130,-1.51,14.2,9.074,38130,-0.826,-1.406,-1.28
38140,-0.952,15.122,8.988,38140,-0.992,-1.462,-1.26
38150,-0.128,15.432,8.972,38150,-0.992,-1.526,-1.204
38160,0.834,14.866,8.846,38160,-0.892,-1.578,-1.13
38170,1.752,13.74,8.362,38170,-0.768,-1.61,-1.032
38180,2.56,12.518,7.812,38180,-0.666,-1.626,-0.922
38190,3.056,11.48,7.246,38190,-0.64,-1.658,-0.824
38200,3.326,10.89,6.572,38200,-0.682,-1.678,-0.736
38210,3.31,10.614,6.146,38210,-0.752,-1.67,-0.644
38220,3.044,10.518,5.984,38220,-0.82,-1.652,-0.534
38230,2.888,10.6,5.888,38230,-0.858,-1.616,-0.424
38240,2.996,10.642,5.712,38240,-0.838,-1.564,-0.32
38250,3.296,10.588,5.388,38250,-0.746,-1.504,-0.198
38260,3.774,10.234,5.034,38260,-0.642,-1.438,-0.068
38270,4.282,9.626,4.764,38270,-0.57,-1.39,0.054
38280,4.716,8.902,4.446,38280,-0.534,-1.368,0.186
38290,4.984,8.298,4.446,38290,-0.508,-1.358,0.336
38300,4.988,8.054,4.51,38300,-0.462,-1.322,0.5
38310,4.902,8.156,4.534,38310,-0.412,-1.262,0.67
38320,4.964,8.356,4.482,38320,-0.386,-1.208,0.838
38330,5.212,8.516,4.262,38330,-0.342,-1.162,0.986
38340,5.572,8.534,4.148,38340,-0.266,-1.124,1.13
38350,5.906,8.324,4.32,38350,-0.17,-1.068,1.284
38360,6.19,7.868,4.35,38360,-0.03,-0.996,1.444
38370,6.36,7.574,4.296,38370,0.124,-0.936,1.63
38380,6.586,7.422,4.184,38380,0.206,-0.886,1.784
38390,6.67,7.366,4.126,38390,0.136,-0.84,1.858
38400,6.718,7.368,4.258,38400,0.006,-0.81,1.898
38410,6.65,7.632,4.448,38410,-0.088,-0.774,1.988
38420,6.544,8.206,5.166,38420,-0.14,-0.758,2.09
38430,6.412,8.864,5.558,38430,-0.164,-0.79,2.178
38440,6.494,9.232,5.828,38440,-0.118,-0.838,2.296
38450,6.362,9.256,6.198,38450,0.01,-0.866,2.434
38460,6.27,8.856,6.5,38460,0.142,-0.89,2.556
38470,6.52,8.274,6.818,38470,0.216,-0.922,2.644
38480,6.784,8.048,7.042,38480,0.266,-0.964,2.728
38490,6.964,8.096,7.212,38490,0.264,-1.03,2.812
38500,7.106,8.248,7.262,38500,0.192,-1.114,2.874
38510,7.236,8.472,7.308,38510,0.104,-1.214,2.922
38520,7.312,8.802,7.476,38520,0.044,-1.324,2.996
38530,7.446,9.078,7.656,38530,0.074,-1.41,3.098
38540,7.534,9.258,7.582,38540,0.204,-1.492,3.216
38550,7.828,9.25,7.492,38550,0.38,-1.578,3.346
38560,8.432,9.11,7.224,38560,0.532,-1.704,3.45
38570,9.022,8.86,7.042,38570,0.654,-1.878,3.53
38580,9.522,8.574,7.13,38580,0.776,-2.07,3.604
38590,9.762,8.244,7.342,38590,0.892,-2.236,3.684
38600,9.938,8.088,7.344,38600,1.036,-2.376,3.744
38610,10.174,8.362,6.81,38610,1.248,-2.53,3.792
38620,10.502,8.644,6.482,38620,1.54,-2.756,3.9
38630,10.7,8.63,6.008,38630,1.854,-2.958,4.08
38640,10.538,8.352,5.808,38640,2.162,-3.096,4.248
38650,10.354,8.202,5.514,38650,2.336,-3.258,4.368
38660,10.772,8.042,4.888,38660,2.35,-3.408,4.478
38670,11.134,8.158,4.744,38670,2.322,-3.542,4.602
38680,10.864,8.832,4.964,38680,2.32,-3.698,4.726
38690,10.734,9.586,5.018,38690,2.366,-3.834,4.846
38700,10.62,9.932,4.958,38700,2.434,-3.92,4.952
38710,10.482,9.842,4.788,38710,2.554,-4.012,5.06
38720,10.772,9.35,4.192,38720,2.71,-4.1,5.22
38730,11.346,8.5,3.344,38730,2.834,-4.174,5.37
38740,11.8,7.596,2.57,38740,2.924,-4.246,5.424
38750,12.328,7.02,1.866,38750,2.964,-4.338,5.398
38760,12.742,6.408,1.34,38760,2.966,-4.454,5.338
38770,12.734,5.612,0.866,38770,2.95,-4.542,5.252
38780,12.474,4.784,0.196,38780,2.99,-4.578,5.174
38790,12.298,3.948,-1.08,38790,3.084,-4.594,5.118
38800,12.48,3.068,-2.582,38800,3.166,-4.636,5.038
38810,12.692,2.268,-4.306,38810,3.2,-4.67,4.892
38820,12.69,1.546,-6.352,38820,3.25,-4.67,4.652
38830,12.562,0.872,-8.478,38830,3.442,-4.606,4.314
38840,12.436,0.148,-10.664,38840,3.704,-4.4,3.794
38850,12.188,-0.658,-12.938,38850,3.794,-3.958,2.93
38860,11.984,-1.396,-15.504,38860,3.504,-3.186,1.536
38870,11.436,-2.438,-18.288,38870,2.762,-2.066,-0.69
38880,9.956,-4.25,-21.536,38880,2.304,-1.224,-3.628
38890,7.658,-7.626,-25.1,38890,3.59,-0.032,-5.83
38900,3.978,-13.842,-29.398,38900,5.306,3.268,-7.58
38910,-2.96,-23.188,-34.694,38910,6.398,7.298,-9.684
38920,-2.864,-33.6,-39.214,38920,7.898,8.886,-9.924
38930,7.872,-37.578,-39.214,38930,7.544,10.644,-11.376
38940,-2.594,-39.226,-39.134,38940,4.128,12.84,-14.596
38950,-34.728,-25.382,-39.21,38950,-0.958,15.204,-16.604
38960,-38.784,0.508,-38.3,38960,-4.416,17.516,-15.586
38970,-38.572,13.254,-28.042,38970,-7.022,19.022,-11.708
38980,-38.692,28.75,-9.644,38980,-7.452,17.372,-11.644
38990,-38.784,38.618,11.022,38990,-7.922,9.61,-8.584
39000,-38.782,38.618,28.812,39000,-7.222,5.936,-4.23
39010,-38.782,32.496,3.5,39010,-5.574,5.33,-4.53
39020,-38.784,-0.422,-14.248,39020,-6.342,8.332,-4.736
39030,-38.502,-22.254,-6.776,39030,-5.216,14.284,-2.944
39040,-24.748,-30.996,-24.992,39040,-2.5,14.194,-0.99
39050,-5.206,-31.066,-29.008,39050,-0.134,8.458,0.14
39060,-5.23,-22.338,0.122,39060,1.776,4.292,0.708
39070,-30.094,-27.388,-5.422,39070,2.792,5.944,0.994
39080,-38.784,-32.084,-22.082,39080,2.836,8.518,1.07
39090,-38.784,-25.58,-15.816,39090,1.914,8.53,1.102
39100,-33.684,-10.95,9.162,39100,0.402,6.488,0.948
39110,-26.73,-0.02,15.428,39110,-1.318,4.488,0.91
39120,-34.318,8.188,13.964,39120,-2.672,3.994,1.212
39130,-38.784,14.95,11.458,39130,-3.178,3.772,1.532
39140,-38.784,16.162,13.18,39140,-2.76,3.194,1.9
39150,-34.954,11.348,20.358,39150,-1.584,2.488,2.326
39160,-30.178,3.664,25.04,39160,0.002,2,2.7
39170,-28.32,-3.718,26.384,39170,1.736,2.286,2.994
39180,-26.806,-8.932,26.696,39180,3.214,2.954,3.164
39190,-23.6,-11.882,23.932,39190,3.99,3.146,3.388
39200,-20.234,-12.398,20.51,39200,4.04,2.736,3.706
39210,-20.346,-9.42,17.092,39210,3.522,1.954,3.764
39220,-23.296,-4.23,11.972,39220,2.742,1.122,3.424
39230,-26.17,1.656,9.216,39230,1.668,0.706,2.746
39240,-27.564,6.852,8.402,39240,0.224,0.876,1.852
39250,-26.972,11.416,9.518,39250,-1.3,1.36,1.038
39260,-24.406,15.426,11.09,39260,-2.488,1.674,0.58
39270,-21.082,17.906,11.012,39270,-2.954,1.48,0.506
39280,-18.566,18.312,9.37,39280,-2.608,0.83,0.628
39290,-17.974,16.12,7.954,39290,-1.472,0.052,0.88
39300,-19.308,11.488,7.11,39300,0.224,-0.542,1.26
39310,-20.728,5.7,5.086,39310,1.938,-0.792,1.68
39320,-20.764,0.708,3.542,39320,3.252,-0.708,2.002
39330,-19.228,-1.928,3.678,39330,3.92,-0.44,2.146
39340,-16.142,-2.044,3.69,39340,3.892,-0.148,2.146
39350,-13.126,0.466,3.774,39350,3.286,0.044,2.054
39360,-11.564,4.376,3.404,39360,2.236,0.04,1.836
39370,-11.436,8.166,2.812,39370,0.982,-0.11,1.522
39380,-12.06,11.068,2.71,39380,-0.102,-0.228,1.27
39390,-12.634,12.234,2.966,39390,-0.828,-0.222,1.12
39400,-12.176,11.254,3.126,39400,-1.218,-0.18,0.99
39410,-10.49,8.96,3.5,39410,-1.276,-0.186,0.878
39420,-8.51,6.412,4.466,39420,-1.042,-0.21,0.862
39430,-7.082,4.016,5.368,39430,-0.604,-0.292,0.96
39440,-6.122,1.968,5.422,39440,-0.086,-0.482,1.088
39450,-5.432,0.45,5.382,39450,0.452,-0.724,1.194
39460,-5.18,-0.588,5.15,39460,1.004,-1.022,1.302
39470,-5.312,-1.622,4.266,39470,1.52,-1.372,1.408
39480,-5.632,-2.356,3.522,39480,1.868,-1.73,1.418
39490,-5.96,-2.442,2.846,39490,1.962,-2.052,1.308
39500,-6.108,-1.716,1.992,39500,1.82,-2.272,1.128
39510,-6.006,-0.542,1.278,39510,1.512,-2.374,0.938
39520,-5.7,0.556,0.978,39520,1.132,-2.48,0.772
39530,-5.106,1.564,0.798,39530,0.736,-2.65,0.646
39540,-4.72,2.53,0.326,39540,0.36,-2.856,0.512
39550,-5.152,3.408,0.31,39550,0.048,-3.064,0.32
39560,-6.148,4.072,0.556,39560,-0.124,-3.284,0.12
39570,-7.254,4.342,0.688,39570,-0.072,-3.468,0.024
39580,-8.224,4.36,0.182,39580,0.206,-3.532,0.012
39590,-8.696,4.062,-1.126,39590,0.65,-3.46,0.016
39600,-8.398,3.478,-3.046,39600,1.17,-3.336,0.03
39610,-7.864,2.716,-4.276,39610,1.656,-3.238,0.064
39620,-7.776,2.376,-4.44,39620,1.998,-3.178,0.078
39630,-8.136,3.148,-4.366,39630,2.194,-3.146,0.028
39640,-8.704,4.506,-4.436,39640,2.258,-3.136,-0.092
39650,-9.212,5.67,-4.534,39650,2.166,-3.144,-0.328
39660,-9.608,6.766,-4.18,39660,2.034,-3.12,-0.63
39670,-9.782,7.858,-3.388,39670,1.984,-2.988,-0.97
39680,-9.916,8.86,-1.818,39680,1.98,-2.722,-1.324
39690,-9.698,10.148,-0.798,39690,1.98,-2.412,-1.666
39700,-9.006,11.738,-0.794,39700,2.042,-2.134,-1.948
39710,-8.052,12.794,-0.634,39710,2.106,-1.888,-2.106
39720,-7.514,13.556,0.774,39720,2.094,-1.694,-2.096
39730,-7.422,14.572,3.038,39730,2.056,-1.564,-1.9
39740,-7.374,15.25,5.078,39740,2.002,-1.438,-1.59
39750,-7.188,15.176,6.62,39750,1.918,-1.324,-1.294
39760,-6.604,14.752,7.544,39760,1.76,-1.242,-1.12
39770,-5.6,14.262,8.252,39770,1.568,-1.178,-1.114
39780,-4.662,13.84,9.542,39780,1.396,-1.128,-1.256
39790,-3.89,13.07,10.756,39790,1.188,-1.138,-1.518
39800,-3.23,12.24,11.498,39800,0.888,-1.218,-1.748
39810,-2.882,11.874,11.998,39810,0.55,-1.37,-1.81
39820,-3.058,11.712,12.074,39820,0.264,-1.634,-1.732
39830,-3.458,11.618,11.626,39830,0.088,-1.916,-1.608
39840,-3.98,11.566,11.556,39840,0.03,-2.15,-1.492
39850,-4.762,11.26,11.378,39850,-0.006,-2.342,-1.38
39860,-5.258,10.64,10.578,39860,-0.106,-2.488,-1.274
39870,-5.348,10.154,9.92,39870,-0.256,-2.596,-1.166
39880,-5.198,9.984,9.288,39880,-0.428,-2.682,-1.056
39890,-4.918,10.226,8.698,39890,-0.572,-2.786,-0.972
39900,-4.618,10.352,7.844,39900,-0.714,-2.948,-0.946
39910,-4.384,9.992,7.072,39910,-0.874,-3.134,-0.956
39920,-4.628,9.568,6.84,39920,-0.994,-3.282,-0.964
39930,-5.126,9.154,6.458,39930,-1.07,-3.384,-0.944
39940,-5.28,8.658,5.694,39940,-1.088,-3.43,-0.884
39950,-5.126,8.394,4.82,39950,-1.046,-3.464,-0.802
39960,-4.94,7.982,3.724,39960,-1.01,-3.502,-0.724
39970,-4.792,7.54,2.99,39970,-1.006,-3.516,-0.646
39980,-4.786,7.482,2.448,39980,-1.006,-3.508,-0.556
39990,-4.758,7.518,1.876,39990,-1.002,-3.486,-0.476
40000,-4.498,7.454,1.52,40000,-0.974,-3.43,-0.424
40010,-4.15,7.356,1.388,40010,-0.93,-3.362,-0.42
40020,-3.82,7.11,1.242,40020,-0.884,-3.288,-0.466
40030,-3.46,6.718,1.214,40030,-0.808,-3.202,-0.524
40040,-3.256,6.292,1.228,40040,-0.712,-3.13,-0.57
40050,-3.084,5.968,1.074,40050,-0.648,-3.072,-0.604
40060,-2.892,5.758,0.98,40060,-0.658,-3.006,-0.592
40070,-2.794,5.592,0.916,40070,-0.752,-2.89,-0.542
40080,-2.692,5.334,1.022,40080,-0.848,-2.722,-0.494
40090,-2.424,5.108,1.174,40090,-0.912,-2.502,-0.492
40100,-1.974,5.196,1.526,40100,-0.954,-2.272,-0.586
40110,-1.656,5.698,2.08,40110,-0.972,-2.132,-0.79
40120,-1.62,6.268,2.528,40120,-0.902,-2.06,-1.012
40130,-2.176,6.554,3.314,40130,-0.75,-2.018,-1.2
40140,-3.33,6.644,3.856,40140,-0.552,-1.976,-1.364
40150,-3.986,6.976,3.776,40150,-0.322,-1.886,-1.486
40160,-3.876,7.506,3.802,40160,-0.098,-1.762,-1.548
40170,-3.256,8.028,4.412,40170,0.022,-1.65,-1.546
40180,-2.512,8.77,5.522,40180,0.02,-1.56,-1.472
40190,-1.816,9.608,7.028,40190,-0.098,-1.482,-1.352
40200,-1.234,10.588,8.402,40200,-0.3,-1.432,-1.216
40210,-0.736,11.906,9.374,40210,-0.51,-1.404,-1.112
40220,-0.11,13.33,10.052,40220,-0.688,-1.384,-1.07
40230,0.75,14.342,10.608,40230,-0.868,-1.388,-1.092
40240,1.598,14.61,10.662,40240,-0.998,-1.462,-1.118
40250,2.298,14.272,10.496,40250,-1.016,-1.55,-1.088
40260,2.798,13.512,10.38,40260,-0.982,-1.62,-1.014
40270,3.12,12.504,10.05,40270,-0.966,-1.668,-0.936
40280,3.536,11.402,9.386,40280,-0.982,-1.688,-0.85
40290,3.958,10.348,8.728,40290,-1.02,-1.686,-0.722
40300,4.238,9.78,8.212,40300,-1.066,-1.638,-0.558
40310,4.508,9.66,7.72,40310,-1.096,-1.568,-0.412
40320,4.862,9.574,7.086,40320,-1.078,-1.506,-0.282
40330,5.36,9.292,6.482,40330,-1.018,-1.46,-0.18
40340,5.656,8.718,5.728,40340,-0.968,-1.434,-0.1
40350,5.78,8.146,5.274,40350,-0.998,-1.44,-0.038
40360,5.692,7.678,4.882,40360,-1.098,-1.498,-0.016
40370,5.484,7.234,4.594,40370,-1.172,-1.56,0.046
40380,5.346,6.838,4.5,40380,-1.118,-1.55,0.164
40390,5.132,6.586,4.444,40390,-0.94,-1.512,0.288
40400,5.302,6.61,4.16,40400,-0.704,-1.534,0.442
40410,5.82,6.672,3.602,40410,-0.452,-1.574,0.594
40420,5.934,6.686,3.086,40420,-0.2,-1.578,0.732
40430,5.836,6.56,2.984,40430,-0.01,-1.584,0.85
40440,5.874,6.354,3.088,40440,0.03,-1.598,0.912
40450,6.07,6.238,3.158,40450,-0.058,-1.658,0.922
40460,6.202,6.098,3.524,40460,-0.166,-1.674,0.966
40470,6.244,5.97,3.83,40470,-0.22,-1.644,1.076
40480,6.268,6.098,3.85,40480,-0.17,-1.598,1.25
40490,6.756,6.758,3.858,40490,-0.01,-1.574,1.428
40500,7.3,7.238,3.58,40500,0.19,-1.6,1.606
40510,7.654,7.372,3.416,40510,0.4,-1.624,1.756
40520,7.676,7.18,3.274,40520,0.544,-1.614,1.87
40530,7.782,6.974,3.57,40530,0.614,-1.568,1.952
40540,8.104,6.848,3.568,40540,0.632,-1.534,2.038
40550,8.602,6.688,3.838,40550,0.622,-1.512,2.16
40560,9.172,6.822,4.284,40560,0.64,-1.492,2.314
40570,9.602,7.516,4.592,40570,0.746,-1.476,2.53
40580,9.94,8.228,5.002,40580,0.94,-1.466,2.76
40590,10.154,8.678,5.23,40590,1.176,-1.492,2.968
40600,10.392,8.888,5.156,40600,1.318,-1.516,3.146
40610,10.588,8.966,5.15,40610,1.33,-1.522,3.248
40620,10.69,9.036,5.254,40620,1.212,-1.576,3.3
40630,10.9,9.102,5.502,40630,1.062,-1.64,3.386
40640,10.854,9.22,5.972,40640,1.006,-1.684,3.56
40650,10.61,9.53,6.55,40650,1.022,-1.746,3.762
40660,10.574,9.936,6.702,40660,1.084,-1.83,3.932
40670,10.734,10.226,6.538,40670,1.124,-1.966,4.088
40680,10.788,10.342,6.164,40680,1.058,-2.116,4.174
40690,10.746,10.286,5.83,40690,0.922,-2.306,4.168
40700,10.714,10.078,5.868,40700,0.83,-2.514,4.168
40710,10.64,9.44,5.888,40710,0.834,-2.716,4.234
40720,10.472,8.814,5.606,40720,1.03,-2.892,4.35
40730,10.218,8.546,5.164,40730,1.418,-3.034,4.522
40740,10.15,8.35,4.58,40740,1.896,-3.122,4.676
40750,10.39,7.952,3.474,40750,2.216,-3.184,4.754
40760,10.772,7.454,2.018,40760,2.29,-3.244,4.728
40770,10.926,6.922,0.696,40770,2.264,-3.376,4.674
40780,10.778,6.582,-0.114,40780,2.312,-3.45,4.67
40790,10.318,6.526,-0.722,40790,2.426,-3.442,4.676
40800,9.732,6.856,-1.428,40800,2.568,-3.462,4.66
40810,9.604,7.116,-2.622,40810,2.746,-3.46,4.624
40820,9.494,7.324,-3.312,40820,2.91,-3.472,4.556
40830,8.848,7.356,-3.802,40830,2.894,-3.512,4.418
40840,8.276,6.63,-4.336,40840,2.9,-3.602,4.19
40850,7.898,4.89,-4.602,40850,3.144,-3.646,4.054
40860,8.014,2.912,-4.576,40860,3.436,-3.606,4.072
40870,8.274,1.87,-4.834,40870,3.568,-3.608,4
40880,8.498,1.426,-5.864,40880,3.634,-3.664,3.808
40890,8.934,1.83,-7.03,40890,3.752,-3.66,3.602
40900,8.638,1.828,-7.4,40900,3.93,-3.622,3.386
40910,8.116,0.95,-7.744,40910,4.074,-3.55,3.174
40920,8.45,-0.208,-8.842,40920,4.022,-3.284,2.914
40930,9.578,-1.364,-10.414,40930,3.862,-2.95,2.484
40940,10.814,-2.442,-12.342,40940,3.32,-2.72,1.488
40950,11.442,-3.412,-14.046,40950,2.064,-2.614,-0.712
40960,10.53,-4.808,-15.932,40960,0.838,-2.044,-3.772
40970,7.728,-8.162,-18.23,40970,1.26,0.116,-5.942
40980,2.518,-16.108,-20.698,40980,3.292,4.144,-7.712
40990,0.488,-27.928,-26.138,40990,4.61,7.92,-10.468
41000,10.182,-37.22,-33.476,41000,5.814,9.384,-10.606
41010,17.952,-37.49,-39.214,41010,5.316,10.54,-10.636
41020,4.24,-38.778,-39.214,41020,2.522,13.428,-12.786
41030,-23.36,-27.17,-39.11,41030,-0.796,16.144,-14.384
41040,-38.784,-0.81,-36.826,41040,-3.662,17.748,-12.794
41050,-38.784,14.886,-21.104,41050,-5.872,18.524,-9.222
41060,-38.458,30.226,-5.59,41060,-5.934,18.722,-10.21
41070,-38.784,37.842,15.628,41070,-6.55,12.086,-9.182
41080,-38.784,38.618,34.596,41080,-4.402,7.482,-2.612
41090,-38.778,32.478,16.97,41090,-2.03,6.638,-2.74
41100,-38.784,-5.634,-14.722,41100,-2.198,8.852,-4.226
41110,-38.784,-26.83,-2.098,41110,0.588,13.602,-2.156
41120,-30.32,-30.516,-24.528,41120,3.664,15.158,-0.858
41130,-16.776,-39.226,-12.376,41130,4.326,10.572,0.02
41140,-10.942,-38.86,-10.428,41140,3.3,6.32,-0.262
41150,-32.646,-39.226,-12.44,41150,1.764,6.878,-0.678
41160,-38.784,-32.704,-23.638,41160,0.496,8.568,-0.71
41170,-38.646,-14.752,-16.43,41170,-0.49,7.796,-0.502
41180,-38.598,-1.342,1.628,41180,-1.246,5.882,-0.014
41190,-38.784,4.308,11.012,41190,-1.716,5.112,0.404
41200,-38.784,7.468,9.896,41200,-1.902,5.26,0.554
41210,-38.78,7.48,8.814,41210,-1.856,5.172,0.672
41220,-38.784,5.296,12.342,41220,-1.61,4.622,0.796
41230,-38.328,2.736,15.488,41230,-1.218,4.238,0.878
41240,-36.59,0.004,15.232,41240,-0.74,3.938,0.942
41250,-35.534,-2.858,14.56,41250,-0.118,3.45,1.064
41260,-34.11,-3.768,16.718,41260,0.602,2.844,1.422
41270,-32.528,-2.638,19.402,41270,1.278,2.17,1.73
41280,-31.288,-1.884,19.112,41280,1.742,1.632,1.878
41290,-30.06,-1.568,18.196,41290,1.936,1.352,2.012
41300,-28.568,-0.504,16.828,41300,1.91,1.208,2.086
41310,-25.464,0.938,14.41,41310,1.656,1.196,1.922
41320,-21.44,2.276,12.71,41320,1.05,1.428,1.578
41330,-18.41,3.598,12.164,41330,0.088,1.854,1.204
41340,-16.35,5.07,11.052,41340,-0.95,2.226,0.92
41350,-14.328,7.164,10.108,41350,-1.848,2.394,0.758
41360,-12.71,8.862,8.49,41360,-2.47,2.526,0.708
41370,-12.446,9.306,6.564,41370,-2.748,2.51,0.756
41380,-13.116,8.602,4.67,41380,-2.656,2.152,0.808
41390,-13.412,6.732,2.964,41390,-2.262,1.57,0.828
41400,-13.89,4.088,2.522,41400,-1.616,1.134,0.816
41410,-14.594,0.69,2.302,41410,-0.884,1.058,0.77
41420,-14.746,-3.068,2.292,41420,-0.366,1.228,0.706
41430,-13.582,-5.946,2.704,41430,-0.316,1.472,0.566
41440,-11.504,-6.366,3.464,41440,-0.482,1.56,0.428
41450,-9.322,-3.87,4.014,41450,-0.606,1.172,0.408
41460,-8.302,-0.458,4.254,41460,-0.624,0.186,0.482
41470,-8.896,2.098,4.304,41470,-0.418,-1.082,0.602
41480,-10.892,3.462,4.856,41480,0.17,-2.242,0.83
41490,-13.24,3.106,4.758,41490,1.032,-3.114,1.124
41500,-14.138,1.068,3.524,41500,1.9,-3.62,1.358
41510,-12.766,-0.972,2.316,41510,2.616,-3.784,1.508
41520,-10.22,-2.09,1.654,41520,3.12,-3.62,1.638
41530,-7.186,-1.972,0.372,41530,3.348,-3.296,1.818
41540,-4.422,-0.628,-1.318,41540,3.25,-3.032,1.968
41550,-2.578,1.5,-2.448,41550,2.912,-2.916,1.966
41560,-1.722,3.79,-3.044,41560,2.516,-2.916,1.856
41570,-2.044,5.592,-3.238,41570,2.184,-3.076,1.742
41580,-3.196,6.51,-3.882,41580,1.952,-3.346,1.668
41590,-4.5,6.84,-4.478,41590,1.872,-3.582,1.61
41600,-5.604,6.866,-4.392,41600,2.028,-3.652,1.588
41610,-6.104,6.43,-4.168,41610,2.358,-3.594,1.608
41620,-5.854,5.284,-4.224,41620,2.774,-3.486,1.592
41630,-5.01,3.938,-4.07,41630,3.244,-3.33,1.496
41640,-4.042,2.994,-3.742,41640,3.668,-3.16,1.324
41650,-3.476,2.706,-3.532,41650,4.016,-2.996,1.126
41660,-3.376,3.076,-3.608,41660,4.216,-2.854,0.936
41670,-3.678,3.93,-3.72,41670,4.272,-2.778,0.786
41680,-4.266,5.23,-3.774,41680,4.2,-2.762,0.716
41690,-4.992,6.652,-3.768,41690,3.998,-2.78,0.704
41700,-5.752,8.174,-3.282,41700,3.75,-2.776,0.724
41710,-6.236,9.664,-2.59,41710,3.516,-2.668,0.75
41720,-6.264,10.71,-1.872,41720,3.37,-2.41,0.732
41730,-5.802,11.144,-0.864,41730,3.276,-1.976,0.652
41740,-4.788,10.83,0.3,41740,3.088,-1.4,0.514
41750,-3.482,10.34,1.152,41750,2.88,-0.718,0.41
41760,-2.334,10.004,2.99,41760,2.814,-0.174,0.348
41770,-1.574,9.56,4.182,41770,2.798,0.206,0.394
41780,-1.33,9.3,5.4,41780,2.65,0.392,0.466
41790,-2.22,9.662,6.22,41790,2.262,0.41,0.48
41800,-3.494,10.508,6.964,41800,1.864,0.318,0.504
41810,-5.38,11.27,7.654,41810,1.638,0.016,0.694
41820,-7.258,11.288,7.88,41820,1.478,-0.524,0.932
41830,-8.82,11.1,8.226,41830,1.252,-1.14,1.004
41840,-10.29,11.05,8.87,41840,1.036,-1.68,0.904
41850,-11.638,10.892,9.132,41850,0.852,-2.044,0.776
41860,-12.092,10.16,8.854,41860,0.696,-2.17,0.65
41870,-11.616,9.384,8.702,41870,0.564,-2.084,0.496
41880,-10.206,8.668,8.53,41880,0.438,-1.894,0.31
41890,-8.512,8.242,8.422,41890,0.304,-1.748,0.166
41900,-7.288,8.114,8.058,41900,0.106,-1.754,0.126
41910,-6.99,8.124,7.552,41910,-0.18,-1.9,0.15
41920,-7.586,8.424,6.78,41920,-0.49,-2.1,0.178
41930,-8.606,9.128,5.936,41930,-0.764,-2.266,0.186
41940,-9.534,9.546,4.93,41940,-1.008,-2.334,0.162
41950,-9.934,9.69,4.242,41950,-1.192,-2.33,0.12
41960,-9.824,9.76,3.94,41960,-1.312,-2.354,0.072
41970,-9.24,9.542,3.544,41970,-1.356,-2.416,0.056
41980,-8.712,9.21,3.51,41980,-1.322,-2.498,0.104
41990,-8.7,8.822,3.47,41990,-1.284,-2.62,0.162
42000,-8.946,8.344,3.16,42000,-1.29,-2.778,0.172
42010,-9.252,7.938,2.898,42010,-1.352,-2.896,0.154
42020,-9.684,7.582,2.892,42020,-1.46,-2.972,0.138
42030,-9.902,7.28,2.786,42030,-1.588,-3.014,0.122
42040,-9.57,7.258,2.758,42040,-1.674,-3.022,0.112
42050,-8.912,7.328,2.904,42050,-1.702,-2.994,0.112
42060,-8.244,7.35,3.178,42060,-1.69,-2.926,0.1
42070,-7.586,7.136,3.232,42070,-1.656,-2.864,0.058
42080,-7.072,6.628,3.068,42080,-1.674,-2.86,-0.01
42090,-6.884,5.914,3.312,42090,-1.716,-2.908,-0.086
42100,-7.33,5.552,3.824,42100,-1.724,-2.966,-0.15
42110,-8.052,5.748,3.518,42110,-1.678,-3.002,-0.254
42120,-8.478,6.212,2.83,42120,-1.61,-3.002,-0.444
42130,-8.614,6.372,2.162,42130,-1.518,-2.956,-0.66
42140,-8.712,6.38,2.166,42140,-1.382,-2.874,-0.85
42150,-8.678,6.44,2.388,42150,-1.214,-2.828,-0.994
42160,-8.402,6.62,2.284,42160,-1.09,-2.818,-1.094
42170,-8.238,7.162,2.524,42170,-1.004,-2.772,-1.164
42180,-8.35,8.37,3.084,42180,-0.976,-2.712,-1.198
42190,-8.268,9.644,3.438,42190,-1.086,-2.65,-1.216
42200,-7.974,10.938,3.99,42200,-1.28,-2.52,-1.254
42210,-7.506,12.466,4.406,42210,-1.46,-2.398,-1.366
42220,-6.778,13.95,4.69,42220,-1.582,-2.354,-1.536
42230,-6.156,15.464,5.466,42230,-1.576,-2.374,-1.668
42240,-5.754,16.49,5.878,42240,-1.454,-2.428,-1.684
42250,-5.326,16.5,5.952,42250,-1.33,-2.47,-1.626
42260,-4.632,15.832,5.474,42260,-1.3,-2.468,-1.58
42270,-3.72,14.864,5.068,42270,-1.39,-2.452,-1.594
42280,-2.692,13.816,4.904,42280,-1.53,-2.428,-1.632
42290,-1.716,13.478,5.098,42290,-1.636,-2.426,-1.604
42300,-0.976,13.966,5.294,42300,-1.676,-2.46,-1.54
42310,-0.456,14.346,5.214,42310,-1.628,-2.498,-1.468
42320,-0.128,13.956,4.886,42320,-1.558,-2.516,-1.372
42330,-0.044,13.094,4.452,42330,-1.528,-2.476,-1.248
42340,0.134,12.332,4.06,42340,-1.51,-2.4,-1.134
42350,0.676,11.614,3.366,42350,-1.52,-2.31,-1.054
42360,1.454,11.008,2.792,42360,-1.552,-2.242,-1
42370,2.066,10.54,2.382,42370,-1.586,-2.192,-0.938
42380,2.442,9.95,2.284,42380,-1.612,-2.132,-0.87
42390,2.554,9.282,2.366,42390,-1.62,-2.05,-0.812
42400,2.674,8.71,2.298,42400,-1.578,-1.946,-0.74
42410,2.946,8.326,2.122,42410,-1.478,-1.838,-0.652
42420,3.18,8.146,2.072,42420,-1.374,-1.75,-0.576
42430,3.422,8.072,2.016,42430,-1.306,-1.716,-0.518
42440,3.544,7.826,2.086,42440,-1.232,-1.712,-0.43
42450,3.426,7.46,2.496,42450,-1.122,-1.694,-0.318
42460,3.242,7.252,2.754,42460,-0.984,-1.654,-0.224
42470,3.262,7.056,3.026,42470,-0.834,-1.622,-0.12
42480,3.482,6.816,3.288,42480,-0.692,-1.606,-0.01
42490,3.612,6.674,3.612,42490,-0.558,-1.572,0.072
42500,3.548,6.726,3.986,42500,-0.416,-1.558,0.164
42510,3.518,6.892,4.186,42510,-0.264,-1.532,0.324
42520,3.616,6.96,4.594,42520,-0.108,-1.462,0.48
42530,3.796,6.996,4.78,42530,-0.018,-1.422,0.588
42540,4.378,6.908,4.908,42540,-0.01,-1.408,0.65
42550,4.828,6.716,5.212,42550,-0.036,-1.342,0.662
42560,4.898,6.66,5.57,42560,-0.042,-1.356,0.778
42570,4.984,6.598,5.894,42570,-0.186,-1.364,0.894
42580,5.23,6.726,6.068,42580,-0.434,-1.378,0.872
42590,5.526,6.742,5.894,42590,-0.514,-1.346,0.95
42600,6.068,6.706,6.068,42600,-0.46,-1.324,1.104
42610,5.916,6.348,6.522,42610,-0.312,-1.332,1.24
42620,6.684,5.94,6.266,42620,-0.086,-1.364,1.368
42630,7.142,5.624,6.198,42630,0.138,-1.416,1.512
42640,7.164,5.254,6.204,42640,0.31,-1.49,1.666
42650,7.274,4.988,6.166,42650,0.378,-1.554,1.788
42660,7.48,4.8,6.352,42660,0.354,-1.618,1.868
42670,7.81,4.686,6.702,42670,0.352,-1.708,1.95
42680,8.156,4.582,7.23,42680,0.404,-1.792,2.058
42690,8.428,4.452,7.622,42690,0.494,-1.87,2.196
42700,8.716,4.482,7.626,42700,0.616,-1.972,2.362
42710,9.108,4.728,7.354,42710,0.75,-2.072,2.556
42720,9.36,5.162,7.202,42720,0.824,-2.17,2.764
42730,9.58,5.656,7.2,42730,0.82,-2.31,2.926
42740,9.928,5.996,7.154,42740,0.796,-2.508,3.006
42750,10.324,6.038,7.768,42750,0.73,-2.726,2.998
42760,10.296,5.548,8.474,42760,0.676,-2.996,3.054
42770,10.114,4.646,8.794,42770,0.738,-3.206,3.248
42780,9.846,3.926,9.162,42780,0.914,-3.326,3.506
42790,9.89,3.82,9.17,42790,1.16,-3.442,3.744
42800,10.854,4.202,8.25,42800,1.372,-3.606,3.96
42810,12.082,4.51,7.532,42810,1.494,-3.778,4.128
42820,12.794,4.94,7.294,42820,1.476,-3.982,4.234
42830,13.246,5.212,7.29,42830,1.408,-4.21,4.228
42840,13.558,4.916,7.47,42840,1.488,-4.458,4.294
42850,13.658,4.254,7.69,42850,1.684,-4.494,4.462
42860,13.506,3.59,7.462,42860,1.946,-4.496,4.676
42870,13.738,3.228,6.44,42870,2.144,-4.54,4.892
42880,14.824,3.162,5.352,42880,2.19,-4.574,5.052
42890,15.082,3.276,4.222,42890,2.138,-4.62,5.166
42900,15.05,3.322,3.306,42900,2.024,-4.694,5.226
42910,15.038,2.998,2.902,42910,1.898,-4.838,5.15
42920,14.942,2.35,2.498,42920,1.9,-5.046,4.998
42930,14.766,1.288,1.986,42930,2.1,-5.228,4.886
42940,14.408,-0.252,1.316,42940,2.362,-5.378,4.708
42950,14.048,-2.018,0.35,42950,2.598,-5.52,4.476
42960,14.108,-3.516,-1.126,42960,2.768,-5.62,4.246
42970,13.9,-4.614,-2.45,42970,2.898,-5.68,4.008
42980,13.258,-5.116,-3.324,42980,2.992,-5.688,3.822
42990,12.556,-5.268,-4.542,42990,3.044,-5.57,3.666
43000,11.74,-5.424,-5.594,43000,3.078,-5.442,3.466
43010,11.06,-5.426,-6.622,43010,3.074,-5.354,3.176
43020,10.278,-5.456,-7.834,43020,2.94,-5.202,2.742
43030,8.706,-5.468,-9.02,43030,2.732,-5.028,2.082
43040,6.864,-5.316,-10.75,43040,2.748,-4.9,1.23
43050,5.426,-5.454,-12.828,43050,2.912,-4.862,0.108
43060,4.286,-6.456,-15.046,43060,3.08,-4.89,-1.476
43070,3.566,-8.152,-17.836,43070,3.242,-4.478,-3.57
43080,2.236,-10.616,-20.684,43080,3.082,-2.834,-6.312
43090,-0.666,-14.474,-24.22,43090,3.814,-0.012,-9.424
43100,-2.92,-20.62,-29.45,43100,6.082,3.432,-12.41
43110,-2.602,-28.374,-33.328,43110,7.214,7.45,-13.456
43120,-1.75,-31.104,-34.272,43120,5.142,10.752,-12.18
43130,-11.426,-31.458,-39.214,43130,2.386,12.518,-13.33
43140,-31.192,-32.986,-39.214,43140,-0.984,14.212,-15.69
43150,-38.784,-17.32,-39.002,43150,-4.588,15.406,-15.524
43160,-38.784,8.23,-31.356,43160,-7.87,17.902,-13.164
43170,-38.598,25.402,-15.712,43170,-10.022,18.752,-11.4
43180,-38.784,34.714,5.904,43180,-12.048,16.386,-12.016
43190,-38.784,38.618,34.702,43190,-13.77,11.794,-12.214
43200,-38.78,38.534,39.226,43200,-15.288,9.388,-9.472
43210,-36.244,23.538,11.058,43210,-10.088,8.97,-2.854
43220,-28.228,-7.972,-33.394,43220,-1.318,10.62,0.042
43230,-30.268,-34.522,-33.938,43230,2.794,12.064,0.128
43240,-20.478,-39.226,-26.134,43240,5.4,10.194,-0.034
43250,-13.208,-39.226,-37.7,43250,7.644,7.22,-0.698
43260,-24.13,-38.176,-20.066,43260,8.986,6.568,-1.29
43270,-36.572,-31.386,-12.646,43270,8.206,7.98,-1.028
43280,-38.784,-25.348,-7.126,43280,5.828,8.472,-0.642
43290,-33.92,-17.382,-7.112,43290,2.55,6.588,-0.982
43300,-26.334,-3.24,3.584,43300,0.126,5.038,-1.564
43310,-29.058,15.092,8.712,43310,-1.138,4.552,-1.562
43320,-38.424,27.178,13.436,43320,-1.726,4.274,-0.848
43330,-38.784,27.188,18.73,43330,-1.948,3.97,-0.12
43340,-34.298,19.786,22.454,43340,-1.908,3.804,0.418
43350,-29.414,13.618,21.146,43350,-1.532,3.87,1.004
43360,-27.764,10.496,19.134,43360,-0.658,3.902,1.698
43370,-26.484,7.9,17.996,43370,0.79,3.59,2.268
43380,-25.424,4.264,17.76,43380,2.662,3.22,2.752
43390,-25.408,0.568,18.664,43390,4.308,3.11,3.208
43400,-25.986,-2.494,18.698,43400,4.998,2.986,3.422
43410,-25.362,-4.086,16.698,43410,4.592,2.842,3.076
43420,-23.262,-1.424,13.866,43420,3.218,2.934,2.274
43430,-21.494,5.848,10.91,43430,1.078,3.074,1.476
43440,-20.192,13.64,8.28,43440,-1.294,2.924,0.786
43450,-19.588,20.562,7.392,43450,-2.906,2.684,0.386
43460,-20.048,26.048,8.626,43460,-3.262,2.46,0.45
43470,-20.996,26.7,9.286,43470,-2.614,2.138,0.802
43480,-20.89,20.818,8.894,43480,-1.31,1.792,1.3
43490,-20.492,12.788,9.064,43490,0.306,1.556,1.98
43500,-20.412,5.88,8.056,43500,1.818,1.334,2.698
43510,-19.718,0.572,6.038,43510,2.886,1.082,3.126
43520,-18.438,-2.682,4.546,43520,3.302,0.862,3.18
43530,-17.662,-3.318,3.836,43530,3.074,0.626,2.998
43540,-17.048,-1.192,2.6,43540,2.39,0.354,2.71
43550,-16.244,2.226,1.448,43550,1.45,0.12,2.368
43560,-15.652,5.382,1.202,43560,0.454,-0.042,2.016
43570,-14.936,7.762,1.302,43570,-0.422,-0.038,1.716
43580,-14.102,9.392,2.526,43580,-1.116,0.082,1.51
43590,-13.022,10.16,4.028,43590,-1.552,0.18,1.41
43600,-11.554,10.036,5.21,43600,-1.614,0.184,1.414
43610,-10.1,8.948,5.79,43610,-1.446,0.06,1.448
43620,-9.172,7.238,5.476,43620,-1.256,-0.198,1.464
43630,-8.892,5.806,4.968,43630,-1.098,-0.52,1.526
43640,-9.138,4.768,4.488,43640,-1.032,-0.826,1.624
43650,-9.754,4.184,4.906,43650,-1.078,-1.062,1.672
43660,-10.084,4.264,5.746,43660,-1.18,-1.234,1.59
43670,-9.892,4.56,6.796,43670,-1.318,-1.318,1.422
43680,-9.388,4.65,7.578,43680,-1.458,-1.358,1.262
43690,-8.63,4.518,7.538,43690,-1.464,-1.416,1.164
43700,-7.888,4.276,6.992,43700,-1.28,-1.57,1.154
43710,-7.454,3.924,6.352,43710,-1.106,-1.816,1.208
43720,-7.63,3.618,5.734,43720,-0.972,-2.072,1.266
43730,-8.478,3.74,5.192,43730,-0.782,-2.36,1.312
43740,-9.296,3.56,4.238,43740,-0.784,-2.648,1.294
43750,-10.078,3.27,4.428,43750,-0.956,-2.9,1.232
43760,-11.042,4.078,4.562,43760,-1.066,-3.162,1.154
43770,-11.576,4.888,4.084,43770,-1.246,-3.352,1.002
43780,-12.456,5.474,4.516,43780,-1.57,-3.484,0.716
43790,-13.774,7.35,5.32,43790,-1.722,-3.648,0.36
43800,-14.23,9.396,5.43,43800,-1.69,-3.74,0.05
43810,-14.198,10.202,6.186,43810,-1.514,-3.756,-0.128
43820,-14.244,10.852,7.074,43820,-1.246,-3.822,-0.166
43830,-13.57,11.248,7.782,43830,-1.048,-3.916,-0.164
43840,-12.628,10.626,8.14,43840,-0.9,-4.02,-0.202
43850,-12.322,9.998,8.618,43850,-0.912,-4.064,-0.216
43860,-12.092,10.294,9.466,43860,-1.158,-3.996,-0.194
43870,-11.456,11.198,10.232,43870,-1.606,-3.982,-0.266
43880,-10.342,11.958,10.824,43880,-2.072,-3.996,-0.484
43890,-9.318,12.7,11.6,43890,-2.448,-3.994,-0.67
43900,-8.8,13.528,12.05,43900,-2.638,-4.008,-0.766
43910,-8.306,13.584,12.304,43910,-2.624,-3.992,-0.854
43920,-7.324,13.01,11.952,43920,-2.518,-3.95,-0.886
43930,-6.368,11.836,11.484,43930,-2.538,-3.94,-0.87
43940,-5.656,10.482,10.91,43940,-2.662,-3.9,-0.922
43950,-4.904,9.916,10.172,43950,-2.796,-3.878,-1.012
43960,-4.188,10.194,9.57,43960,-2.92,-3.9,-1.108
43970,-3.56,10.33,8.892,43970,-3.006,-3.682,-1.25
43980,-2.924,10.066,8.194,43980,-3.04,-3.534,-1.366
43990,-2.35,9.386,7.178,43990,-3.076,-3.45,-1.468
44000,-1.682,8.164,5.95,44000,-3.078,-3.316,-1.596
44010,-0.886,7.148,4.974,44010,-3.062,-3.094,-1.756
44020,-0.344,6.69,4.212,44020,-3.05,-2.878,-1.914
44030,0.142,6.154,3.002,44030,-3.006,-2.71,-2.05
44040,0.834,5.642,2.108,44040,-2.908,-2.552,-2.176
44050,1.362,5.34,1.864,44050,-2.756,-2.348,-2.312
44060,1.604,5.036,1.476,44060,-2.578,-2.194,-2.404
44070,1.802,4.69,0.556,44070,-2.408,-2.106,-2.436
44080,1.976,4.52,-0.13,44080,-2.254,-1.95,-2.604
44090,2.06,4.374,-0.508,44090,-2.066,-1.906,-2.674
44100,2.242,4.23,-0.646,44100,-1.932,-1.854,-2.684
44110,2.032,4.058,-1.072,44110,-1.89,-1.79,-2.824
44120,2.056,3.838,-1.194,44120,-1.738,-1.646,-2.884
44130,2.52,3.84,-1.284,44130,-1.53,-1.554,-2.794
44140,2.172,4.046,-1.182,44140,-1.388,-1.536,-2.746
44150,2.218,4.674,-1.524,44150,-1.274,-1.506,-2.736
44160,2.098,5.608,-1.282,44160,-1.158,-1.408,-2.706
44170,1.812,5.78,-1.18,44170,-1.086,-1.294,-2.662
44180,2.068,5.514,-0.99,44180,-1.042,-1.18,-2.628
44190,2.674,5.148,-0.398,44190,-1.018,-1.054,-2.558
44200,3.254,5.02,0.008,44200,-0.976,-0.906,-2.426
44210,3.652,5.126,0.188,44210,-0.918,-0.784,-2.234
44220,4.268,5.272,0.72,44220,-0.874,-0.67,-2.046
44230,5.078,5.248,1.352,44230,-0.842,-0.528,-1.938
44240,5.854,5.01,1.968,44240,-0.81,-0.412,-1.88
44250,6.406,4.768,2.366,44250,-0.796,-0.314,-1.852
44260,6.88,4.37,2.812,44260,-0.788,-0.258,-1.802
44270,7.442,3.964,3.464,44270,-0.796,-0.234,-1.72
44280,7.854,3.668,4.3,44280,-0.79,-0.21,-1.618
44290,8.142,3.274,4.998,44290,-0.806,-0.196,-1.478
44300,8.576,2.856,5.894,44300,-0.856,-0.152,-1.344
44310,9.14,2.58,6.63,44310,-0.89,-0.094,-1.226
44320,9.796,2.408,7.216,44320,-0.902,-0.036,-1.128
44330,10.484,2.306,7.664,44330,-0.892,-0.004,-1.04
44340,11.1,2.328,8.216,44340,-0.856,-0.008,-0.952
44350,11.356,2.388,8.612,44350,-0.81,-0.05,-0.858
44360,11.236,2.356,8.818,44360,-0.776,-0.122,-0.74
44370,10.764,2.358,8.964,44370,-0.744,-0.17,-0.592
44380,10.134,2.446,8.984,44380,-0.73,-0.186,-0.468
44390,9.626,2.608,9.006,44390,-0.766,-0.224,-0.376
44400,9.492,2.824,8.814,44400,-0.872,-0.25,-0.294
44410,9.342,3.006,8.81,44410,-1.038,-0.26,-0.264
44420,9.056,3.154,8.772,44420,-1.178,-0.284,-0.28
44430,8.836,3.378,8.648,44430,-1.218,-0.314,-0.306
44440,8.49,3.568,8.408,44440,-1.162,-0.34,-0.336
44450,8.044,3.554,7.768,44450,-1.05,-0.366,-0.364
44460,7.696,3.412,6.864,44460,-0.86,-0.388,-0.378
44470,7.578,3.238,6.17,44470,-0.596,-0.38,-0.366
44480,7.624,2.846,5.814,44480,-0.29,-0.35,-0.318
44490,7.82,2.338,5.446,44490,-0.024,-0.292,-0.238
44500,7.994,1.788,5.252,44500,0.084,-0.238,-0.188
44510,7.924,1.436,4.962,44510,0.03,-0.21,-0.216
44520,7.732,1.522,4.874,44520,-0.092,-0.222,-0.292
44530,7.368,1.846,5.088,44530,-0.218,-0.222,-0.384
44540,6.826,2.248,5.496,44540,-0.322,-0.206,-0.486
44550,6.31,2.59,5.752,44550,-0.366,-0.2,-0.568
44560,6.082,2.77,5.826,44560,-0.32,-0.196,-0.614
44570,5.968,2.782,5.736,44570,-0.22,-0.19,-0.632
44580,5.908,2.74,5.672,44580,-0.106,-0.224,-0.65
44590,5.894,2.616,5.518,44590,-0.018,-0.278,-0.658
44600,5.918,2.436,5.626,44600,0.038,-0.308,-0.646
44610,5.818,2.406,5.836,44610,0.072,-0.35,-0.644
44620,5.912,2.492,5.956,44620,0.076,-0.388,-0.644
44630,6.256,2.576,6.062,44630,0.1,-0.402,-0.63
44640,6.528,2.714,6.258,44640,0.134,-0.434,-0.596
44650,6.89,2.804,6.402,44650,0.172,-0.502,-0.546
44660,7.246,2.854,6.328,44660,0.234,-0.588,-0.462
44670,7.392,3.07,6.342,44670,0.272,-0.678,-0.348
44680,7.374,3.374,6.2,44680,0.264,-0.768,-0.266
44690,7.596,3.668,6.082,44690,0.268,-0.868,-0.218
44700,8.024,3.966,6.234,44700,0.264,-0.964,-0.2
44710,8.558,4.054,6.566,44710,0.266,-1.066,-0.206
44720,9.158,3.92,6.766,44720,0.33,-1.178,-0.168
44730,9.582,3.808,6.906,44730,0.484,-1.268,-0.034
44740,9.882,3.802,6.996,44740,0.696,-1.346,0.14
44750,10.106,3.938,6.688,44750,0.86,-1.462,0.298
44760,10.422,4.15,6.186,44760,0.948,-1.594,0.436
44770,10.436,4.462,5.928,44770,0.956,-1.716,0.554
44780,10.1,4.778,6.044,44780,0.888,-1.83,0.658
44790,9.872,5.08,6.356,44790,0.818,-1.94,0.768
44800,9.816,5.122,6.736,44800,0.772,-2.042,0.902
44810,9.888,4.902,7.13,44810,0.758,-2.126,1.078
44820,10.092,4.74,7.078,44820,0.76,-2.186,1.272
44830,10.404,4.77,7.016,44830,0.768,-2.256,1.414
44840,10.658,4.886,6.902,44840,0.732,-2.36,1.506
44850,10.846,4.874,6.776,44850,0.724,-2.488,1.586
44860,10.718,4.68,6.768,44860,0.8,-2.636,1.71
44870,10.532,4.18,6.802,44870,0.888,-2.742,1.88
44880,10.808,3.404,6.734,44880,0.998,-2.746,2.022
44890,11.852,2.712,6.31,44890,1.134,-2.742,2.154
44900,13.366,2.326,6.246,44900,1.266,-2.794,2.312
44910,14.702,1.85,6.364,44910,1.372,-2.882,2.572
44920,15.476,1.538,6.548,44920,1.404,-2.956,2.848
44930,15.428,1.64,6.634,44930,1.384,-3.03,3.054
44940,15.114,1.834,6.526,44940,1.356,-3.076,3.198
44950,15.13,1.752,6.458,44950,1.352,-3.142,3.306
44960,15.47,1.53,6.374,44960,1.392,-3.282,3.398
44970,15.816,1.208,5.982,44970,1.488,-3.466,3.492
44980,15.956,0.816,5.508,44980,1.648,-3.624,3.576
44990,15.858,0.628,4.898,44990,1.87,-3.77,3.65
45000,15.82,0.572,4.076,45000,2.088,-3.946,3.72
45010,15.886,0.574,3.144,45010,2.184,-4.096,3.714
45020,15.7,0.578,2.25,45020,2.232,-4.23,3.688
45030,15.222,0.502,1.324,45030,2.312,-4.358,3.698
45040,14.734,0.246,0.736,45040,2.424,-4.474,3.738
45050,14.174,0.124,-0.028,45050,2.566,-4.586,3.792
45060,13.672,0.38,-1.324,45060,2.718,-4.692,3.8
45070,13.336,0.724,-2.79,45070,2.872,-4.83,3.746
45080,13.374,0.914,-4.452,45080,3.014,-4.964,3.66
45090,13.676,0.894,-6.104,45090,3.23,-5.132,3.59
45100,14.016,0.832,-7.734,45100,3.568,-5.308,3.566
45110,14.45,0.27,-9.42,45110,3.952,-5.394,3.538
45120,14.696,-0.966,-11.474,45120,4.344,-5.324,3.488
45130,15.058,-2.292,-13.926,45130,4.672,-5.12,3.446
45140,15.866,-3.336,-16.016,45140,4.66,-4.864,3.138
45150,16.466,-4.182,-17.638,45150,4.28,-4.51,2.294
45160,16.844,-4.18,-19.004,45160,3.658,-3.99,1.034
45170,16.308,-4.042,-19.78,45170,2.784,-3.37,-0.736
45180,14.176,-4.406,-20.922,45180,1.686,-3.176,-3.634
45190,10.942,-5.568,-23.488,45190,2.29,-3.26,-7.244
45200,6.678,-8.54,-28.222,45200,5.226,0.828,-9.976
45210,-2.396,-14.446,-34.354,45210,8.266,6.75,-10.904
45220,-16.982,-22.144,-38.95,45220,8.292,10.55,-10.364
45230,-7.008,-33.474,-39.214,45230,6.9,11.46,-10.68
45240,-3.416,-39.226,-39.154,45240,5.246,11.666,-14.18
45250,-26.224,-31.984,-39.2,45250,1.808,13.91,-17.002
45260,-38.784,-4.646,-39.214,45260,-1.76,16.702,-17.144
45270,-38.784,12.494,-34.312,45270,-4.988,19.118,-14.992
45280,-38.554,21.834,-16.478,45280,-7.736,19.954,-12.536
45290,-38.78,35.696,0.544,45290,-8.716,18.352,-13.854
45300,-38.784,38.618,20.64,45300,-8.848,11.634,-9.212
45310,-38.78,38.564,24.942,45310,-7.292,10.198,-2.816
45320,-38.784,34.082,-1.83,45320,-6.87,8.096,-3.83
45330,-38.784,0.56,-15.012,45330,-7.402,6.872,-4.674
45340,-38.082,-5.152,-2.554,45340,-5.09,8.052,-2.078
45350,-26.94,-6.596,-24.276,45350,-1.61,9.83,0.358
45360,-21.744,-18.452,-10.44,45360,0.634,8.704,2.002
45370,-12.874,-27.06,-11.014,45370,1.674,6.536,2.7
45380,-17.078,-35.576,-13.3,45380,1.464,5.108,2.486
45390,-30.566,-36.952,-10.104,45390,0.49,4.66,2.634
45400,-38.784,-20.76,-2.39,45400,-0.37,4.844,2.728
45410,-37.812,-5.052,2.254,45410,-0.904,5.492,2.566
45420,-30.712,0.84,11.03,45420,-1.428,6.144,2.288
45430,-24.692,2.836,12.996,45430,-2.222,6.306,2.236
45440,-21.574,3.408,11.208,45440,-2.91,6.212,2.362
45450,-22.912,4.58,9.846,45450,-3.162,5.636,2.41
45460,-27.164,5.244,8.722,45460,-2.864,4.574,2.538
45470,-31.05,4.902,7.774,45470,-1.976,3.558,2.922
45480,-35.586,3.86,8.08,45480,-0.616,2.748,3.386
45490,-38.698,0.872,8.43,45490,0.958,2.056,3.712
45500,-38.784,-3.166,10.31,45500,2.382,1.36,3.814
45510,-37.682,-6.682,11.528,45510,3.618,0.94,3.72
45520,-34.958,-8.176,12.586,45520,4.458,0.932,3.402
45530,-31.986,-8.198,14.114,45530,4.728,1.112,3.024
45540,-27.518,-6.72,13.368,45540,4.47,1.31,2.624
45550,-23.198,-2.874,11.186,45550,3.642,1.312,2.128
45560,-20.66,2.512,8.898,45560,2.232,1.066,1.39
45570,-20.034,7.704,7.088,45570,0.65,0.83,0.558
45580,-21.202,12.728,7.35,45580,-0.638,0.694,-0.036
45590,-23.28,17.138,9.08,45590,-1.252,0.42,-0.214
45600,-24.028,19.544,9.434,45600,-1.054,-0.014,0.082
45610,-22.986,18.252,8.62,45610,-0.258,-0.54,0.676
45620,-21.816,13.334,8.302,45620,0.846,-0.964,1.284
45630,-20.21,7.564,7.57,45630,1.874,-1.186,1.706
45640,-18.05,2.862,6.77,45640,2.58,-1.276,1.9
45650,-15.298,-0.074,5.764,45650,2.83,-1.326,1.918
45660,-12.742,-1.15,5.74,45660,2.634,-1.436,1.834
45670,-11.146,-0.018,7.248,45670,2.146,-1.622,1.694
45680,-10.308,2.68,8.998,45680,1.574,-1.898,1.558
45690,-10.146,5.298,9.788,45690,1.056,-2.264,1.478
45700,-10.268,6.848,9.09,45700,0.584,-2.694,1.44
45710,-10.502,7.088,7.77,45710,0.064,-3.106,1.32
45720,-10.776,6.674,6.484,45720,-0.464,-3.358,0.998
45730,-10.776,5.9,5.16,45730,-0.788,-3.44,0.61
45740,-10.332,5.156,4.8,45740,-0.848,-3.438,0.318
45750,-9.358,4.77,4.322,45750,-0.77,-3.448,0.198
45760,-8.33,4.458,3.906,45760,-0.58,-3.512,0.238
45770,-7.768,4.188,3.64,45770,-0.296,-3.718,0.404
45780,-7.854,4.084,3.468,45780,-0.12,-3.992,0.61
45790,-8.436,4.26,2.904,45790,-0.108,-4.238,0.762
45800,-9.178,4.23,1.014,45800,-0.028,-4.51,0.824
45810,-9.684,3.726,-0.672,45810,0.024,-4.694,0.652
45820,-10.636,4.434,-0.046,45820,-0.096,-4.754,0.27
45830,-11.074,6.386,0.04,45830,-0.328,-4.816,-0.074
45840,-10.246,7.85,-0.732,45840,-0.48,-4.852,-0.232
45850,-9.216,8.28,-1.088,45850,-0.518,-4.866,-0.242
45860,-8.748,8.572,-0.852,45860,-0.45,-4.82,-0.248
45870,-8.528,9.33,-0.584,45870,-0.386,-4.742,-0.338
45880,-8.504,10.248,-0.27,45880,-0.416,-4.654,-0.482
45890,-8.398,11.212,-0.206,45890,-0.484,-4.532,-0.624
45900,-7.982,12.172,-0.564,45900,-0.532,-4.392,-0.77
45910,-7.306,13.11,-0.494,45910,-0.546,-4.188,-0.904
45920,-6.346,13.646,0.378,45920,-0.492,-4.022,-0.934
45930,-5.03,13.288,1.79,45930,-0.348,-3.878,-0.818
45940,-3.332,12.154,2.994,45940,-0.176,-3.64,-0.67
45950,-1.624,10.914,3.988,45950,-0.02,-3.374,-0.562
45960,0.156,9.7,4.62,45960,0.02,-3.096,-0.51
45970,1.702,8.664,5.692,45970,-0.06,-2.78,-0.522
45980,2.886,8.254,7.326,45980,-0.196,-2.426,-0.582
45990,3.94,8.054,8.684,45990,-0.28,-2.096,-0.722
46000,5.076,7.866,9.804,46000,-0.294,-1.84,-0.918
46010,5.884,7.594,10.41,46010,-0.252,-1.736,-1.08
46020,6.124,7.382,10.476,46020,-0.108,-1.69,-1.154
46030,5.906,7.106,10.252,46030,0.118,-1.608,-1.19
46040,5.438,6.646,10.022,46040,0.23,-1.618,-0.994
46050,5.206,6.176,9.506,46050,0.138,-1.502,-0.938
46060,4.8,6.064,9.058,46060,-0.026,-1.412,-1.024
46070,5.15,5.644,8.628,46070,-0.298,-1.36,-1.016
46080,4.934,5.668,8.508,46080,-0.62,-1.322,-0.93
46090,4.264,6.67,8.044,46090,-0.884,-1.298,-0.858
46100,4.126,7.932,7.55,46100,-0.99,-1.278,-0.834
46110,4.182,8.754,6.914,46110,-0.92,-1.286,-0.78
46120,4.314,8.704,6.288,46120,-0.722,-1.282,-0.698
46130,4.476,7.746,5.734,46130,-0.482,-1.294,-0.624
46140,4.594,6.398,5.462,46140,-0.32,-1.358,-0.558
46150,4.686,5.18,5.344,46150,-0.298,-1.446,-0.532
46160,4.514,4.406,5.082,46160,-0.442,-1.488,-0.586
46170,4.148,4.148,5.016,46170,-0.71,-1.558,-0.634
46180,3.83,4.414,4.848,46180,-1.022,-1.61,-0.66
46190,3.336,4.98,4.848,46190,-1.292,-1.618,-0.682
46200,2.794,5.578,5.09,46200,-1.526,-1.662,-0.686
46210,2.278,5.912,5.504,46210,-1.686,-1.702,-0.656
46220,1.856,6.024,6.054,46220,-1.726,-1.668,-0.628
46230,1.554,6.018,5.576,46230,-1.652,-1.58,-0.638
46240,1.752,5.804,4.782,46240,-1.488,-1.456,-0.688
46250,2.334,5.286,4.336,46250,-1.28,-1.332,-0.746
46260,2.87,4.67,4.07,46260,-1.06,-1.284,-0.762
46270,3.11,4.048,3.796,46270,-0.818,-1.3,-0.702
46280,2.974,3.466,3.844,46280,-0.626,-1.334,-0.582
46290,2.558,3.322,3.918,46290,-0.546,-1.334,-0.504
46300,2.108,3.538,3.86,46300,-0.566,-1.29,-0.516
46310,1.83,3.8,3.762,46310,-0.66,-1.202,-0.568
46320,1.726,4.036,3.964,46320,-0.786,-1.074,-0.612
46330,1.614,4.37,4.376,46330,-0.908,-0.918,-0.628
46340,1.612,4.698,4.938,46340,-1.046,-0.74,-0.628
46350,1.734,4.75,5.436,46350,-1.224,-0.598,-0.646
46360,1.968,4.622,5.68,46360,-1.368,-0.508,-0.666
46370,2.252,4.394,5.974,46370,-1.444,-0.416,-0.664
46380,2.384,4.066,6.348,46380,-1.48,-0.312,-0.68
46390,2.514,3.684,6.33,46390,-1.49,-0.22,-0.732
46400,2.884,3.334,6.198,46400,-1.454,-0.106,-0.8
46410,3.208,3.104,6.334,46410,-1.396,-0.002,-0.872
46420,3.408,3.09,6.398,46420,-1.378,0.038,-0.964
46430,3.554,3.22,6.468,46430,-1.39,0.006,-1.076
46440,3.444,3.356,6.914,46440,-1.388,-0.07,-1.18
46450,3.04,3.398,7.46,46450,-1.38,-0.14,-1.268
46460,2.728,3.616,8.176,46460,-1.342,-0.19,-1.346
46470,2.9,4.022,8.866,46470,-1.24,-0.26,-1.432
46480,3.58,4.526,9.57,46480,-1.076,-0.402,-1.512
46490,4.366,5.006,10.152,46490,-0.892,-0.552,-1.56
46500,4.944,5.338,10.478,46500,-0.72,-0.61,-1.612
46510,5.33,5.508,10.592,46510,-0.578,-0.656,-1.618
46520,6.05,5.662,10.47,46520,-0.486,-0.672,-1.558
46530,6.888,5.904,10.446,46530,-0.468,-0.644,-1.48
46540,7.628,6.084,9.99,46540,-0.508,-0.614,-1.448
46550,8.128,6.256,9.668,46550,-0.64,-0.614,-1.444
46560,8.424,6.346,9.77,46560,-0.822,-0.614,-1.458
46570,8.548,6.468,9.478,46570,-0.948,-0.612,-1.454
46580,8.642,6.554,9.57,46580,-1.002,-0.586,-1.396
46590,8.946,6.604,9.408,46590,-1.012,-0.548,-1.286
46600,9.336,6.516,8.778,46600,-1.008,-0.534,-1.122
46610,9.67,6.176,7.924,46610,-0.982,-0.516,-0.954
46620,9.726,5.924,7.308,46620,-0.966,-0.518,-0.824
46630,9.738,5.718,7.002,46630,-1.006,-0.56,-0.758
46640,9.55,5.292,6.616,46640,-1.078,-0.606,-0.724
46650,9.066,4.738,6.268,46650,-1.11,-0.632,-0.662
46660,8.388,4.446,6.108,46660,-1.09,-0.67,-0.556
46670,7.9,4.45,5.848,46670,-1.03,-0.688,-0.388
46680,7.744,4.382,5.456,46680,-0.958,-0.634,-0.236
46690,7.762,4.36,4.678,46690,-0.906,-0.608,-0.152
46700,8.09,4.44,3.912,46700,-0.826,-0.674,-0.068
46710,8.412,4.508,3.816,46710,-0.7,-0.778,0.066
46720,8.154,4.348,4.016,46720,-0.594,-0.834,0.198
46730,7.562,4.054,4.174,46730,-0.514,-0.852,0.284
46740,7.16,3.844,3.876,46740,-0.444,-0.826,0.378
46750,7.214,3.726,3.782,46750,-0.382,-0.76,0.48
46760,7.314,3.618,3.438,46760,-0.296,-0.724,0.562
46770,7.63,3.602,3.128,46770,-0.176,-0.738,0.638
46780,7.832,3.634,3.186,46780,-0.054,-0.73,0.714
46790,7.722,3.568,3.384,46790,0.012,-0.692,0.79
46800,7.624,3.456,3.586,46800,0.002,-0.682,0.814
46810,7.776,3.31,3.812,46810,-0.052,-0.706,0.802
46820,8.076,3.196,4.388,46820,-0.096,-0.75,0.826
46830,8.118,3.118,4.93,46830,-0.118,-0.78,0.906
46840,8.078,3.256,5.414,46840,-0.134,-0.792,0.96
46850,8.314,3.644,5.694,46850,-0.096,-0.804,0.982
46860,8.904,4.1,5.894,46860,0.006,-0.836,1.046
46870,9.538,4.082,6.262,46870,0.1,-0.876,1.15
46880,10.1,3.78,6.548,46880,0.126,-1.004,1.198
46890,10.69,3.744,6.778,46890,0.136,-1.216,1.254
46900,11.068,3.978,7.43,46900,0.182,-1.432,1.396
46910,10.976,4.162,8.124,46910,0.266,-1.628,1.572
46920,10.938,4.338,8.334,46920,0.338,-1.804,1.734
46930,11.364,4.574,8.456,46930,0.394,-1.968,1.872
46940,11.87,4.784,8.486,46940,0.416,-2.154,1.998
46950,12.354,4.786,8.558,46950,0.442,-2.354,2.15
46960,12.648,4.694,8.53,46960,0.5,-2.512,2.338
46970,12.668,4.594,8.304,46970,0.624,-2.678,2.536
46980,12.688,4.582,7.736,46980,0.79,-2.856,2.718
46990,12.826,4.462,7.128,46990,0.924,-3.028,2.866
47000,12.884,4.274,6.548,47000,1.006,-3.156,3.016
47010,12.94,4.162,5.908,47010,1.088,-3.272,3.146
47020,12.984,3.878,5.532,47020,1.174,-3.44,3.236
47030,13.432,3.234,5.55,47030,1.23,-3.648,3.304
47040,13.748,2.522,5.66,47040,1.31,-3.858,3.436
47050,13.552,1.976,5.396,47050,1.426,-4.022,3.646
47060,13.28,1.75,5.044,47060,1.538,-4.178,3.806
47070,13.3,1.74,4.152,47070,1.684,-4.298,3.898
47080,13.686,1.644,3.308,47080,1.84,-4.358,3.98
47090,14.042,1.366,2.984,47090,1.994,-4.448,4.056
47100,14.438,1,2.708,47100,2.142,-4.522,4.102
47110,14.866,0.458,2.34,47110,2.248,-4.552,4.124
47120,15.302,-0.258,2.092,47120,2.31,-4.548,4.138
47130,15.882,-0.908,1.738,47130,2.338,-4.516,4.098
47140,16.402,-1.282,1.234,47140,2.358,-4.538,4.042
47150,16.788,-1.276,0.666,47150,2.418,-4.594,3.982
47160,16.64,-1.188,0.096,47160,2.542,-4.7,3.878
47170,15.96,-1.298,-0.644,47170,2.744,-4.844,3.71
47180,15.324,-1.63,-1.494,47180,2.96,-4.976,3.504
47190,14.788,-2.044,-2.424,47190,3.178,-5.08,3.324
47200,14.228,-2.232,-3.762,47200,3.418,-5.124,3.236
47210,13.678,-2.044,-5.158,47210,3.648,-5.112,3.226
47220,13.126,-1.516,-6.51,47220,3.854,-5.072,3.21
47230,12.444,-0.798,-8.318,47230,3.96,-4.93,3.018
47240,11.64,-0.19,-10.244,47240,3.848,-4.75,2.402
47250,10.594,0.034,-12.358,47250,3.482,-4.63,1.288
47260,9.188,-0.446,-14.73,47260,3.02,-4.58,-0.456
47270,6.458,-1.5,-17.982,47270,2.948,-4.236,-2.672
47280,2.67,-3.494,-23.092,47280,3.84,-2.036,-4.598
47290,-3.382,-7.798,-30.172,47290,5.786,1.34,-6.306
47300,-9.228,-15.358,-38.288,47300,7.968,4.318,-8.732
47310,-2.868,-25.028,-39.214,47310,8.186,6.538,-10.822
47320,4.168,-33.694,-39.126,47320,6.976,8.462,-11.584
47330,-0.16,-36.74,-39.178,47330,6.46,9.294,-12.866
47340,-15.65,-32.136,-39.214,47340,4.452,10.498,-15.272
47350,-33.512,-15.706,-39.214,47350,0.078,12.73,-17.094
47360,-38.784,6.85,-38.338,47360,-3.504,16.35,-16.698
47370,-38.784,17.092,-24.134,47370,-5.702,18.852,-13.452
47380,-38.65,31.152,-6.864,47380,-6.842,18.856,-11.738
47390,-38.784,38.618,11.044,47390,-8.042,15.43,-12.768
47400,-38.784,38.618,27.95,47400,-8.864,11.352,-6.372
47410,-38.78,38.436,22.032,47410,-5.916,10.012,-4.254
47420,-38.784,26.942,-4.352,47420,-5.422,7.526,-6.254
47430,-36.316,-7.18,-6.182,47430,-3.614,8.698,-4.806
47440,-29.898,-17.688,-23.68,47440,3.364,10.434,-1.51
47450,-17.292,-33.054,-33.464,47450,6.374,9.18,0.272
47460,-13.184,-39.226,-3.632,47460,5.164,7.304,1.052
47470,-18.888,-39.226,-4.988,47470,2.402,6.188,0.09
47480,-32.044,-37.35,-15.738,47480,-0.346,6.408,-0.89
47490,-32.654,-14.062,-14.878,47490,-1.986,5.982,-1.02
47500,-34.282,12.046,0.72,47500,-2.374,4.422,0.134
47510,-33.252,20.908,11.314,47510,-2.27,3.234,1.352
47520,-36.254,17.052,14.018,47520,-2.33,3.072,1.842
47530,-38.784,6.65,13.842,47530,-2.514,3.62,1.812
47540,-35.73,0.876,15.4,47540,-2.654,4.236,1.734
47550,-27.48,-0.374,17.712,47550,-2.336,4.514,1.906
47560,-22.478,-1.632,17.252,47560,-1.586,4.052,2.35
47570,-23.132,-2.81,15.54,47570,-0.242,3.084,3.05
47580,-26.624,-3.834,13.066,47580,1.6,2.402,3.784
47590,-31.872,-6.3,12.014,47590,3.022,2.086,4.226
47600,-34.47,-9.882,10.532,47600,3.482,1.836,3.962
47610,-33.042,-11.116,10.518,47610,3.278,1.546,3.048
47620,-30.214,-7.2,11.812,47620,2.51,1.316,2.134
47630,-27.308,0.42,10.904,47630,1.326,1.19,1.464
47640,-25.774,8.082,8.146,47640,0.29,1.132,0.986
47650,-24.448,12.9,4.914,47650,-0.202,1.238,0.834
47660,-23.952,15.686,4.136,47660,-0.022,1.484,0.992
47670,-23.784,15.722,3.626,47670,0.724,1.666,1.302
47680,-22.908,12.128,4.068,47680,1.624,1.472,1.612
47690,-22.072,7.702,5.942,47690,2.41,1.11,1.876
47700,-20.462,4.67,5.922,47700,2.76,0.846,2.012
47710,-18.57,2.87,4.944,47710,2.632,0.62,1.858
47720,-17.886,3.696,6.426,47720,2.282,0.41,1.496
47730,-16.964,6.192,7.974,47730,1.846,0.278,1.086
47740,-15.908,8.248,8.602,47740,1.382,0.284,0.758
47750,-15.286,9.68,8.608,47750,0.94,0.394,0.624
47760,-14.538,10.374,7.958,47760,0.476,0.554,0.634
47770,-13.344,10.434,7.226,47770,0.026,0.678,0.64
47780,-11.612,9.788,6.222,47780,-0.328,0.726,0.604
47790,-9.91,8.522,5.728,47790,-0.614,0.718,0.518
47800,-8.65,7.218,5.806,47800,-0.808,0.614,0.404
47810,-7.702,5.88,5.848,47810,-0.788,0.388,0.288
47820,-7.124,4.288,6.27,47820,-0.544,0.104,0.19
47830,-6.822,2.462,6.708,47830,-0.118,-0.116,0.07
47840,-6.504,0.772,6.352,47840,0.388,-0.34,-0.02
47850,-6.078,-0.564,5.244,47850,0.91,-0.624,-0.012
47860,-5.806,-1.348,4.262,47860,1.428,-0.982,0.09
47870,-5.896,-1.446,3.54,47870,1.89,-1.398,0.288
47880,-6.31,-1.136,2.5,47880,2.286,-1.868,0.524
47890,-7.128,-0.61,1.408,47890,2.27,-2.244,0.62
47900,-7.934,-0.014,0.198,47900,1.854,-2.474,0.454
47910,-8.148,0.292,-1.816,47910,1.556,-2.63,0.298
47920,-7.618,-0.632,-3.776,47920,1.426,-2.778,0.366
47930,-7.24,-1.16,-4.38,47930,1.144,-3.026,0.442
47940,-6.866,0.256,-4.706,47940,0.732,-3.194,0.314
47950,-6.454,2.406,-4.882,47950,0.322,-3.274,-0.012
47960,-6.802,4.428,-4.52,47960,0.018,-3.32,-0.31
47970,-7.792,6.392,-3.806,47970,-0.108,-3.214,-0.47
47980,-8.97,7.962,-3.996,47980,0.026,-2.974,-0.62
47990,-9.402,8.592,-5.672,47990,0.39,-2.73,-0.694
48000,-8.698,7.802,-7.586,48000,0.9,-2.504,-0.59
48010,-7.95,6.088,-9.118,48010,1.472,-2.308,-0.388
48020,-7.854,5.05,-9.626,48020,1.974,-2.182,-0.184
48030,-8.086,5.594,-8.678,48030,2.37,-2.108,-0.014
48040,-8.746,6.676,-7.268,48040,2.614,-2.122,0.056
48050,-9.764,7.278,-6.144,48050,2.776,-2.228,-0.05
48060,-10.762,8.194,-5.37,48060,2.868,-2.294,-0.274
48070,-11.278,9.722,-4.26,48070,2.902,-2.274,-0.532
48080,-11.326,11.24,-3.152,48080,2.824,-2.19,-0.732
48090,-10.532,12.938,-2.062,48090,2.582,-2.038,-0.806
48100,-9.702,14.89,-0.572,48100,2.264,-1.926,-0.642
48110,-9.208,16.44,1.52,48110,1.878,-1.906,-0.292
48120,-8.898,17.304,3.87,48120,1.442,-1.958,0.006
48130,-8.662,17.588,6.238,48130,1.066,-2.05,0.172
48140,-8.466,17.028,8.426,48140,0.86,-2.086,0.222
48150,-8.306,15.852,10.306,48150,0.794,-2.046,0.202
48160,-7.766,14.612,11.638,48160,0.744,-1.972,0.088
48170,-6.814,13.684,12.654,48170,0.62,-1.99,-0.112
48180,-5.824,12.912,12.974,48180,0.466,-2.124,-0.236
48190,-5.256,12.25,13.314,48190,0.376,-2.26,-0.18
48200,-5.36,11.916,13.472,48200,0.278,-2.434,0.052
48210,-5.55,11.89,12.562,48210,0,-2.712,0.276
48220,-5.756,12.104,11.4,48220,-0.366,-2.952,0.346
48230,-6.67,12.908,11.24,48230,-0.748,-3.088,0.354
48240,-7.83,13.55,11.11,48240,-1.156,-3.168,0.366
48250,-8.53,14.098,10.702,48250,-1.436,-3.248,0.416
48260,-8.146,14.278,9.954,48260,-1.502,-3.358,0.498
48270,-7.106,13.548,9.176,48270,-1.49,-3.466,0.576
48280,-6.112,12.312,8.716,48280,-1.538,-3.562,0.614
48290,-5.288,11.04,7.816,48290,-1.684,-3.658,0.598
48300,-4.764,9.962,7.052,48300,-1.938,-3.73,0.538
48310,-4.642,9.316,6.84,48310,-2.222,-3.754,0.472
48320,-4.58,9.264,6.5,48320,-2.444,-3.772,0.434
48330,-4.278,9.554,5.648,48330,-2.508,-3.806,0.39
48340,-4.006,9.544,4.892,48340,-2.454,-3.83,0.37
48350,-4.046,8.854,4.406,48350,-2.408,-3.848,0.364
48360,-4.228,7.974,3.762,48360,-2.388,-3.808,0.348
48370,-3.966,7.374,2.86,48370,-2.34,-3.72,0.322
48380,-3.348,6.94,2.408,48380,-2.278,-3.606,0.282
48390,-2.716,6.568,2.066,48390,-2.228,-3.466,0.192
48400,-2.128,6.304,1.582,48400,-2.194,-3.382,0.082
48410,-1.69,6.044,1.33,48410,-2.206,-3.338,-0.01
48420,-1.572,5.79,1.41,48420,-2.222,-3.27,-0.098
48430,-1.69,5.486,1.404,48430,-2.21,-3.172,-0.182
48440,-1.73,5.018,1.358,48440,-2.214,-3.044,-0.272
48450,-1.682,4.608,1.642,48450,-2.256,-2.898,-0.372
48460,-1.478,4.318,1.99,48460,-2.294,-2.784,-0.442
48470,-1.082,4.144,2.196,48470,-2.258,-2.682,-0.476
48480,-0.664,4.126,2.232,48480,-2.144,-2.558,-0.492
48490,-0.288,4.076,1.95,48490,-2.008,-2.422,-0.512
48500,0.084,3.834,1.496,48500,-1.924,-2.33,-0.536
48510,0.518,3.476,1.314,48510,-1.814,-2.206,-0.578
48520,0.852,3.046,1.54,48520,-1.69,-1.984,-0.614
48530,1.156,2.65,2.06,48530,-1.662,-1.706,-0.652
48540,1.728,2.482,2.434,48540,-1.712,-1.45,-0.736
48550,2.402,2.56,2.688,48550,-1.842,-1.274,-0.85
48560,2.888,2.742,3.176,48560,-2.004,-1.178,-0.976
48570,2.984,3.12,3.744,48570,-2.086,-1.11,-1.094
48580,2.784,3.71,4.182,48580,-2.02,-0.99,-1.152
48590,2.654,4.124,4.246,48590,-1.888,-0.834,-1.174
48600,2.832,4.468,3.78,48600,-1.762,-0.74,-1.246
48610,3.264,4.914,3.498,48610,-1.598,-0.726,-1.364
48620,3.622,5.078,3.804,48620,-1.376,-0.73,-1.47
48630,3.714,4.782,4.4,48630,-1.146,-0.704,-1.524
48640,3.922,4.406,4.824,48640,-0.93,-0.652,-1.54
48650,4.352,4.28,4.982,48650,-0.706,-0.608,-1.504
48660,5.05,4.358,5.206,48660,-0.482,-0.56,-1.438
48670,5.874,4.618,5.636,48670,-0.318,-0.5,-1.384
48680,6.798,4.978,6.004,48680,-0.248,-0.454,-1.34
48690,7.75,5.32,6.434,48690,-0.238,-0.372,-1.292
48700,8.596,5.484,6.798,48700,-0.27,-0.252,-1.264
48710,9.39,5.734,7.03,48710,-0.376,-0.158,-1.242
48720,10.112,6.132,7.684,48720,-0.544,-0.102,-1.188
48730,10.52,6.482,8.314,48730,-0.65,-0.138,-1.082
48740,10.574,6.852,8.776,48740,-0.662,-0.208,-0.906
48750,10.44,6.998,9.42,48750,-0.634,-0.262,-0.702
48760,10.032,6.912,9.56,48760,-0.584,-0.284,-0.51
48770,9.72,6.482,9.45,48770,-0.534,-0.306,-0.336
48780,9.562,5.746,9.326,48780,-0.544,-0.346,-0.228
48790,9.304,5.126,9.206,48790,-0.648,-0.414,-0.184
48800,8.904,4.71,9.156,48800,-0.792,-0.486,-0.172
48810,8.262,4.312,8.974,48810,-0.952,-0.572,-0.144
48820,7.64,4.082,8.7,48820,-1.088,-0.616,-0.116
48830,7.274,4.154,8.18,48830,-1.112,-0.634,-0.076
48840,7.272,4.218,7.228,48840,-1.008,-0.642,0.014
48850,7.636,4.034,6.432,48850,-0.83,-0.64,0.102
48860,8.054,3.666,5.518,48860,-0.6,-0.706,0.164
48870,8.462,3.274,4.738,48870,-0.336,-0.806,0.278
48880,8.558,2.852,4.428,48880,-0.118,-0.892,0.398
48890,8.202,2.362,4.434,48890,0.036,-0.982,0.48
48900,8.042,2.084,4.492,48900,0.138,-1.064,0.548
48910,8.026,1.994,4.43,48910,0.24,-1.114,0.642
48920,7.988,2.076,4.296,48920,0.332,-1.082,0.76
48930,8.074,2.408,4.188,48930,0.352,-0.986,0.88
48940,8.43,2.958,3.67,48940,0.346,-0.886,0.99
48950,8.864,3.7,3.3,48950,0.334,-0.828,1.08
48960,9.136,4.23,3.526,48960,0.318,-0.85,1.138
48970,9.098,4.434,3.946,48970,0.348,-0.9,1.18
48980,8.764,4.374,4.506,48980,0.428,-0.916,1.23
48990,8.37,4.178,5.068,48990,0.482,-0.886,1.296
49000,8.272,4.06,5.29,49000,0.482,-0.87,1.356
49010,8.526,4.07,5.234,49010,0.432,-0.86,1.4
49020,9.008,4.132,5.286,49020,0.388,-0.836,1.45
49030,9.392,4.256,5.48,49030,0.432,-0.836,1.54
49040,9.724,4.428,5.808,49040,0.572,-0.878,1.678
49050,10.052,4.52,6.18,49050,0.684,-0.948,1.832
49060,10.254,4.45,6.308,49060,0.722,-1.048,1.95
49070,10.356,4.556,6.368,49070,0.65,-1.166,2.026
49080,10.288,4.654,6.644,49080,0.508,-1.29,2.048
49090,10.19,4.806,7.12,49090,0.414,-1.406,2.058
49100,10.198,5.026,7.604,49100,0.374,-1.51,2.126
49110,10.342,4.922,7.848,49110,0.358,-1.684,2.238
49120,10.476,4.746,7.446,49120,0.412,-1.864,2.33
49130,10.602,4.564,7.12,49130,0.548,-2.034,2.424
49140,10.738,4.05,6.704,49140,0.706,-2.228,2.53
49150,10.994,3.392,6.278,49150,0.834,-2.446,2.628
49160,11.46,2.82,6.116,49160,0.922,-2.638,2.724
49170,12.074,2.456,6.008,49170,1.002,-2.79,2.818
49180,12.768,2.288,5.996,49180,1.14,-2.972,2.966
49190,13.648,2.178,6.11,49190,1.3,-3.158,3.186
49200,14.35,2.056,6.204,49200,1.42,-3.338,3.392
49210,14.694,2.014,5.786,49210,1.554,-3.544,3.514
49220,14.944,2.01,5.49,49220,1.746,-3.778,3.634
49230,15.226,1.726,5.444,49230,1.912,-4.044,3.752
49240,15.39,1.15,5.312,49240,1.958,-4.296,3.792
49250,15.586,0.692,5.03,49250,1.952,-4.53,3.852
49260,15.748,0.452,4.318,49260,1.998,-4.648,3.954
49270,15.73,0.444,3.416,49270,2.134,-4.676,4.082
49280,16.094,0.63,2.88,49280,2.338,-4.732,4.188
49290,16.582,0.672,1.666,49290,2.536,-4.836,4.212
49300,16.716,0.434,0.594,49300,2.692,-4.946,4.14
49310,16.258,0.036,-0.432,49310,2.834,-4.99,3.996
49320,15.674,-0.404,-1.324,49320,3.006,-5.022,3.854
49330,15.082,-0.956,-2.278,49330,3.212,-5.022,3.78
49340,14.268,-1.332,-3.622,49340,3.444,-4.998,3.694
49350,13.264,-1.406,-5.084,49350,3.754,-4.934,3.552
49360,12.556,-1.25,-6.934,49360,4.08,-4.794,3.43
49370,12.032,-0.924,-8.87,49370,4.318,-4.658,3.25
49380,11.43,-0.352,-10.978,49380,4.484,-4.62,2.882
49390,10.86,0.528,-13.128,49390,4.592,-4.576,2.374
49400,9.84,1.33,-15.32,49400,4.562,-4.38,1.74
49410,7.974,1.844,-17.994,49410,4.424,-3.786,0.784
49420,5.584,2.33,-21.586,49420,3.842,-2.612,-0.736
49430,2.716,2.642,-25.896,49430,3.646,-1.156,-2.304
49440,-0.64,1.652,-30.498,49440,4.2,0.638,-4.464
49450,-2.668,-3.326,-34.42,49450,5.128,2.654,-7.398
49460,-2.958,-10.568,-33.418,49460,7.424,4.496,-9.534
49470,-2.074,-20.474,-34.274,49470,8.268,6.416,-10.928
49480,-1.776,-29.738,-35.014,49480,7.098,7.642,-11.764
49490,-8.132,-31.556,-38.904,49490,5.734,8.316,-13.644
49500,-22.306,-26.028,-39.214,49500,2.376,10.096,-16.27
49510,-36.078,-8.016,-38.398,49510,-2.954,12.69,-16.798
49520,-38.784,10.772,-28.562,49520,-6.79,15.576,-15.02
49530,-38.722,19.732,-12.308,49530,-7.932,16.746,-12.482
49540,-38.702,32.838,7.262,49540,-8.118,14.484,-12.48
49550,-38.784,38.618,24.408,49550,-9.284,11.096,-8.27
49560,-38.784,38.618,27.23,49560,-7.842,11.27,-2.706
49570,-38.782,34.206,12.86,49570,-2.488,11.1,-2.098
49580,-35.37,11.454,13.712,49580,-0.782,9.37,-3.548
49590,-17.194,-1.716,-3.154,49590,2.352,10.406,-3.34
49600,-13.578,-15.918,-25.39,49600,8.246,10.912,0.22
49610,-11.418,-33.074,-32.56,49610,10.568,8.568,3.156
49620,-20.38,-38.012,-3.582,49620,10.5,4.59,3.83
49630,-29.258,-38.336,-9.226,49630,9.822,3.234,3.072
49640,-38.784,-30.4,-16.168,49640,7.786,4.034,2.116
49650,-38.784,-8.54,-16.02,49650,4.2,4.282,0.584
49660,-33.966,12.372,-1.004,49660,0.822,3.408,-1.196
49670,-24.542,27.032,9.286,49670,-1.342,2.75,-2.08
49680,-27.042,38.288,17.21,49680,-2.17,2.818,-1.798
49690,-34.444,38.618,20.214,49690,-2.034,2.76,-1.15
49700,-33.476,35.866,22.55,49700,-1.382,2.416,-0.462
49710,-28.078,25.212,27.512,49710,-0.692,2.052,0.096
49720,-26.962,15.906,29.036,49720,-0.38,1.8,0.31
49730,-28.088,10.136,27.216,49730,-0.548,1.568,0.198
49740,-28.422,7.104,25.068,49740,-1,1.388,-0.086
49750,-27.394,7.186,22.936,49750,-1.55,1.25,-0.386
49760,-26.588,9.372,20.654,49760,-2.042,1.09,-0.592
49770,-26.568,11.818,18.05,49770,-2.426,1.008,-0.63
49780,-25.306,12.962,15.086,49780,-2.642,1.126,-0.428
49790,-23.2,13.172,13.12,49790,-2.612,1.244,-0.028
49800,-21.276,12.84,12.044,49800,-2.248,1.218,0.414
49810,-19.582,11.758,10.946,49810,-1.628,1.094,0.876
49820,-18.586,9.516,9.528,49820,-0.898,0.994,1.38
49830,-19.046,6.578,8.022,49830,-0.156,0.936,1.884
49840,-19.824,3.678,6.22,49840,0.502,0.776,2.298
49850,-20.438,1.492,4.452,49850,0.996,0.484,2.588
49860,-20.522,0.086,2.856,49860,1.368,0.216,2.802
49870,-20.432,-0.516,1.698,49870,1.61,0.098,2.984
49880,-20.404,-0.258,1.052,49880,1.622,0.014,3.026
49890,-20.078,0.78,0.896,49890,1.422,-0.06,2.874
49900,-19.192,2.018,0.872,49900,1.082,-0.05,2.636
49910,-18.526,3.116,0.858,49910,0.696,-0.04,2.39
49920,-18.376,4.324,0.978,49920,0.444,0.03,2.162
49930,-17.668,5.268,0.69,49930,0.448,0.118,2.012
49940,-16.64,5.412,0.84,49940,0.612,0.126,1.946
49950,-15.604,5.096,1.55,49950,0.818,0.168,1.848
49960,-14.216,4.576,1.398,49960,1.014,0.194,1.688
49970,-13.076,4.24,1.036,49970,1.13,0.136,1.496
49980,-12.21,4.336,1.406,49980,1.092,0.09,1.282
49990,-10.974,4.604,1.96,49990,0.872,0.042,1.026
50000,-9.574,4.968,2.666,50000,0.564,0.062,0.744
50010,-8.326,5.712,3.764,50010,0.182,0.108,0.556
50020,-7.16,6.748,4.622,50020,-0.35,0.056,0.462
50030,-6.278,7.542,5.242,50030,-0.924,-0.088,0.352
50040,-5.708,8.522,5.586,50040,-1.208,-0.396,0.238
50050,-5.45,8.802,5.988,50050,-1.096,-0.816,0.216
50060,-5.54,7.84,6.556,50060,-0.676,-1.196,0.298
50070,-5.732,5.904,6.488,50070,-0.104,-1.444,0.37
50080,-5.368,3.674,5.56,50080,0.486,-1.658,0.382
50090,-4.502,1.88,4.726,50090,0.774,-1.824,0.322
50100,-3.664,0.868,4.422,50100,0.76,-1.976,0.21
50110,-3.042,0.502,3.742,50110,0.72,-2.1,0.148
50120,-2.778,0.514,3.124,50120,0.696,-2.206,0.19
50130,-2.76,1.296,3.006,50130,0.608,-2.35,0.232
50140,-2.866,2.762,2.858,50140,0.408,-2.494,0.17
50150,-3.088,4.132,2.478,50150,0.208,-2.628,0.044
50160,-3.362,4.922,1.782,50160,0.074,-2.748,-0.03
50170,-3.502,5.214,1.088,50170,0,-2.794,-0.078
50180,-3.628,5.322,0.448,50180,-0.012,-2.776,-0.184
50190,-3.724,5.658,0.174,50190,0.022,-2.73,-0.318
50200,-3.828,6.188,0.178,50200,0.14,-2.676,-0.456
50210,-3.946,6.51,-0.568,50210,0.256,-2.586,-0.634
50220,-4.164,6.876,-1.206,50220,0.272,-2.45,-0.788
50230,-4.404,7.426,-1.43,50230,0.374,-2.42,-0.822
50240,-4.236,7.138,-2.178,50240,0.628,-2.406,-0.72
50250,-4.37,6.82,-2.206,50250,0.896,-2.322,-0.568
50260,-4.604,7.072,-2.25,50260,1.026,-2.236,-0.566
50270,-4.854,7.798,-2.382,50270,0.922,-2.186,-0.79
50280,-5.31,8.646,-1.504,50280,0.72,-2.126,-1.058
50290,-5.788,9.586,-0.204,50290,0.544,-2.044,-1.196
50300,-5.784,10.204,0.656,50300,0.442,-1.918,-1.24
50310,-5.072,10.258,1.194,50310,0.456,-1.768,-1.314
50320,-3.942,10.016,1.76,50320,0.574,-1.638,-1.484
50330,-2.974,9.64,2.834,50330,0.676,-1.51,-1.718
50340,-2.496,9.3,3.952,50340,0.756,-1.394,-1.928
50350,-2.364,9.128,4.626,50350,0.85,-1.296,-2.012
50360,-2.364,9.176,5.212,50360,1.012,-1.196,-1.922
50370,-2.552,9.592,5.678,50370,1.192,-1.156,-1.704
50380,-2.822,10.138,5.916,50380,1.3,-1.184,-1.502
50390,-3.244,10.826,6.406,50390,1.306,-1.23,-1.356
50400,-3.838,11.546,7.196,50400,1.184,-1.31,-1.212
50410,-4.43,12.15,7.914,50410,0.906,-1.456,-1.048
50420,-4.72,12.958,8.576,50420,0.476,-1.632,-0.934
50430,-4.692,13.774,9.376,50430,0.014,-1.794,-0.922
50440,-4.49,14.218,9.85,50440,-0.404,-1.968,-0.968
50450,-4.276,13.946,10.156,50450,-0.73,-2.138,-1.004
50460,-4.036,13.238,10.552,50460,-0.904,-2.288,-1
50470,-3.63,12.138,10.56,50470,-0.926,-2.384,-0.946
50480,-2.982,10.666,10.048,50480,-0.846,-2.468,-0.88
50490,-2.426,9.32,9.194,50490,-0.778,-2.542,-0.852
50500,-2.056,8.272,8.51,50500,-0.8,-2.624,-0.882
50510,-1.92,7.394,7.796,50510,-0.908,-2.714,-0.942
50520,-1.976,6.868,7.214,50520,-1.098,-2.77,-1.008
50530,-2.258,6.93,6.898,50530,-1.35,-2.8,-1.048
50540,-2.624,7.59,6.282,50540,-1.548,-2.842,-1.042
50550,-2.918,8.424,5.424,50550,-1.604,-2.872,-0.998
50560,-3.194,9.024,4.792,50560,-1.566,-2.872,-0.94
50570,-3.49,9.284,4.29,50570,-1.466,-2.848,-0.87
50580,-3.622,9.268,3.84,50580,-1.376,-2.832,-0.81
50590,-3.512,8.83,3.494,50590,-1.352,-2.82,-0.79
50600,-3.228,8.314,3.396,50600,-1.346,-2.79,-0.836
50610,-2.85,7.974,3.128,50610,-1.324,-2.76,-0.914
50620,-2.45,7.81,3.01,50620,-1.28,-2.736,-0.964
50630,-2.158,7.62,3.298,50630,-1.216,-2.69,-0.976
50640,-1.884,7.252,3.302,50640,-1.138,-2.646,-0.976
50650,-1.546,6.856,3,50650,-1.024,-2.596,-0.968
50660,-1.344,6.506,3.092,50660,-0.894,-2.514,-0.954
50670,-1.268,6.214,3.442,50670,-0.824,-2.41,-0.958
50680,-1.1,5.972,3.578,50680,-0.794,-2.288,-0.966
50690,-0.804,5.838,3.792,50690,-0.774,-2.138,-0.936
50700,-0.546,5.816,4.368,50700,-0.824,-1.958,-0.91
50710,-0.27,5.944,4.85,50710,-0.952,-1.79,-0.94
50720,0.044,6.044,5.04,50720,-1.064,-1.654,-0.992
50730,0.186,6.046,5.364,50730,-1.114,-1.524,-1.048
50740,0.078,6.02,5.916,50740,-1.1,-1.398,-1.112
50750,-0.046,5.936,6.216,50750,-1.03,-1.284,-1.156
50760,-0.138,5.686,6.426,50760,-0.95,-1.21,-1.188
50770,-0.156,5.226,6.81,50770,-0.836,-1.178,-1.182
50780,-0.08,4.84,7.064,50780,-0.68,-1.136,-1.11
50790,-0.012,4.702,7.122,50790,-0.572,-1.068,-1.094
50800,0.044,4.72,7.046,50800,-0.54,-1.062,-1.146
50810,0.348,5.038,7.12,50810,-0.54,-1.06,-1.224
50820,0.366,5.766,7.892,50820,-0.578,-1.056,-1.28
50830,0.128,6.59,8.45,50830,-0.64,-1.084,-1.318
50840,0.036,7.18,8.62,50840,-0.686,-1.126,-1.352
50850,0.096,7.758,8.824,50850,-0.674,-1.178,-1.37
50860,0.22,8.37,8.86,50860,-0.588,-1.23,-1.328
50870,0.47,8.712,8.698,50870,-0.468,-1.25,-1.25
50880,0.992,8.894,8.484,50880,-0.398,-1.25,-1.176
50890,1.758,9.018,8.23,50890,-0.42,-1.268,-1.13
50900,2.454,8.934,8.1,50900,-0.494,-1.284,-1.102
50910,2.89,8.794,8.16,50910,-0.606,-1.282,-1.086
50920,3.236,8.83,8.25,50920,-0.726,-1.278,-1.08
50930,3.714,8.992,8.104,50930,-0.802,-1.284,-1.054
50940,4.174,9.14,8.078,50940,-0.814,-1.278,-0.988
50950,4.47,9.098,8.018,50950,-0.784,-1.28,-0.888
50960,4.75,8.83,7.696,50960,-0.696,-1.296,-0.772
50970,5.184,8.438,7.466,50970,-0.582,-1.304,-0.64
50980,5.692,8.052,7.354,50980,-0.542,-1.304,-0.518
50990,6.084,7.654,7.162,50990,-0.61,-1.306,-0.442
51000,6.38,7.194,7.188,51000,-0.748,-1.344,-0.386
51010,6.526,6.696,7.332,51010,-0.876,-1.388,-0.316
51020,6.588,6.474,7.564,51020,-0.922,-1.434,-0.226
51030,6.602,6.532,7.452,51030,-0.898,-1.464,-0.138
51040,6.82,6.676,7.008,51040,-0.792,-1.466,-0.038
51050,7.16,6.586,6.424,51050,-0.58,-1.502,0.124
51060,7.256,6.352,6.046,51060,-0.312,-1.53,0.32
51070,7.358,5.98,5.576,51070,-0.07,-1.554,0.52
51080,7.662,5.698,5.31,51080,0.088,-1.57,0.722
51090,7.928,5.49,5.22,51090,0.134,-1.588,0.91
51100,8.1,5.3,5.236,51100,0.036,-1.622,1.046
51110,8.232,5.37,5.536,51110,-0.106,-1.68,1.132
51120,8.364,5.614,5.808,51120,-0.19,-1.732,1.254
51130,8.332,5.928,6.118,51130,-0.164,-1.738,1.41
51140,8.186,6.188,6.05,51140,-0.094,-1.754,1.55
51150,8.278,6.264,5.792,51150,-0.014,-1.816,1.672
51160,8.414,6.014,5.34,51160,0.084,-1.888,1.816
51170,8.356,5.676,5.232,51170,0.158,-1.91,1.974
51180,8.17,5.43,5.236,51180,0.142,-1.902,2.112
51190,8.25,5.262,5.174,51190,0.068,-1.916,2.198
51200,8.504,5.042,5.054,51200,-0.02,-1.968,2.266
51210,8.79,4.91,5.176,51210,-0.044,-2.046,2.364
51220,8.976,5.176,5.186,51220,0.048,-2.132,2.482
51230,9.066,5.426,5.224,51230,0.224,-2.23,2.608
51240,9.34,5.318,5.228,51240,0.508,-2.336,2.742
51250,9.68,5,4.838,51250,0.888,-2.47,2.928
51260,9.95,4.818,4.722,51260,1.152,-2.596,3.128
51270,10.144,4.698,4.434,51270,1.168,-2.68,3.214
51280,10.452,4.594,3.984,51280,1.062,-2.782,3.222
51290,10.932,4.564,3.902,51290,0.896,-2.888,3.312
51300,11.274,4.496,4.27,51300,0.814,-2.962,3.438
51310,11.312,4.896,4.41,51310,0.924,-3.01,3.606
51320,11.716,5.748,4.77,51320,1.17,-3.096,3.828
51330,12.178,6.052,4.676,51330,1.43,-3.274,4.074
51340,12.46,5.61,4.078,51340,1.638,-3.406,4.248
51350,12.674,4.982,3.644,51350,1.702,-3.488,4.31
51360,13.076,4.554,3.35,51360,1.606,-3.608,4.314
51370,13.586,4.448,3.004,51370,1.464,-3.712,4.302
51380,14.052,3.766,2.768,51380,1.346,-3.77,4.334
51390,14.456,3.262,2.572,51390,1.354,-3.83,4.39
51400,14.692,3.234,1.908,51400,1.462,-3.926,4.438
51410,14.944,3.214,1.43,51410,1.584,-4.114,4.412
51420,14.762,2.718,0.59,51420,1.77,-4.318,4.326
51430,14.188,1.812,-0.488,51430,2.026,-4.506,4.252
51440,13.358,0.798,-1.362,51440,2.378,-4.71,4.222
51450,12.634,-0.07,-2.406,51450,2.782,-4.858,4.166
51460,12.188,-0.926,-3.074,51460,3.106,-4.934,4.03
51470,12.122,-1.828,-3.822,51470,3.282,-5,3.892
51480,12.396,-2.494,-4.522,51480,3.362,-5.028,3.764
51490,12.58,-2.63,-4.746,51490,3.436,-4.96,3.576
51500,12.674,-2.394,-4.856,51500,3.534,-4.884,3.384
51510,12.894,-2.154,-4.994,51510,3.606,-4.834,3.214
51520,12.782,-2.216,-5.382,51520,3.664,-4.674,3.048
51530,12.14,-2.402,-6.17,51530,3.678,-4.392,2.806
51540,11.346,-2.806,-7.208,51540,3.634,-4.138,2.48
51550,10.916,-3.08,-8.374,51550,3.58,-3.946,2.116
51560,10.028,-3.21,-9.456,51560,3.52,-3.732,1.654
51570,8.032,-3.392,-10.93,51570,3.5,-3.456,0.986
51580,5.606,-4.058,-13.012,51580,3.486,-3.134,-0.09
51590,3.454,-5.674,-15.21,51590,3.27,-2.736,-1.814
51600,1.782,-8.818,-17.442,51600,2.748,-2.012,-4.002
51610,0.166,-13.642,-19.668,51610,2.916,-0.982,-6.73
51620,-1.988,-20.174,-22.95,51620,3.878,0.86,-10.316
51630,-4.146,-27.184,-25.216,51630,5.886,4.186,-12.796
51640,-6.19,-33.916,-28.866,51640,6.09,8.524,-13.09
51650,-12.338,-38.804,-37.81,51650,3.262,10.372,-13.552
51660,-22.09,-39.18,-39.214,51660,0.51,11.542,-15.544
51670,-28.938,-33.074,-39.136,51670,-2.12,13.772,-16.36
51680,-37.688,-11.534,-33.282,51680,-4.614,15.834,-16.424
51690,-38.784,5.488,-22.33,51690,-7.87,18.488,-15.068
51700,-38.674,15.778,-12.4,51700,-9.62,19.66,-14.84
51710,-38.74,32.424,8.862,51710,-9.922,14.924,-15.948
51720,-38.784,38.618,28.304,51720,-11.62,12.086,-11.486
51730,-38.782,37.034,25.374,51730,-9.378,14.154,-5.168
51740,-38.782,15.548,-9.432,51740,-4.266,14.652,-3.07
51750,-38.06,-13.16,-8.68,51750,-1.742,12.958,-4.414
51760,-24.142,-31.64,-15.342,51760,-0.958,10.642,-3.95
51770,-11.766,-38.08,-39.214,51770,0.89,9.13,-2.002
51780,-26.382,-33.686,-34.652,51780,4.482,8.6,0.092
51790,-38.608,-25.488,-26,51790,7.666,8.84,1.334
51800,-38.784,-28.022,-15.11,51800,8.586,8.364,1.808
51810,-38.498,-36.746,-12.476,51810,8.096,6.646,2.05
51820,-37.496,-30.542,-8.372,51820,6.864,4.65,1.808
51830,-38.476,-9.508,-5.018,51830,4.916,3.568,0.928
51840,-38.784,8.782,-2.322,51840,3.048,3.372,-0.112
51850,-38.774,20.99,0.222,51850,2.13,3.274,-0.714
51860,-38.774,28.126,7.024,51860,2.154,3.174,-0.4
51870,-38.784,30.17,14.94,51870,2.608,3.026,0.424
51880,-38.784,25.548,19.682,51880,3.12,2.948,0.994
51890,-37.422,17.858,21.366,51890,3.322,2.806,1.094
51900,-33.638,11.494,20.954,51900,3.046,2.57,0.916
51910,-30.466,9.718,20.01,51910,2.548,2.41,0.64
51920,-28.074,11.972,18.394,51920,2.112,2.204,0.422
51930,-26.964,15.436,17.984,51930,1.866,2.042,0.382
51940,-25.65,17.934,17.752,51940,1.71,1.946,0.396
51950,-23.206,17.732,16.848,51950,1.54,1.772,0.378
51960,-20.556,16.076,15.806,51960,1.168,1.548,0.324
51970,-17.722,14.674,13.98,51970,0.594,1.368,0.238
51980,-15.292,14.16,11.626,51980,0.042,1.154,0.192
51990,-14.534,14.73,10.41,51990,-0.344,0.976,0.214
52000,-14.18,15.034,9.53,52000,-0.526,0.824,0.338
52010,-13.552,14.18,8.86,52010,-0.518,0.64,0.604
52020,-12.578,12.418,8.454,52020,-0.422,0.48,0.95
52030,-10.94,10.164,7.348,52030,-0.326,0.344,1.256
52040,-9.582,8.242,6.744,52040,-0.344,0.204,1.474
52050,-8.74,7.288,6.996,52050,-0.516,0.084,1.644
52060,-7.866,7.17,6.952,52060,-0.808,-0.048,1.794
52070,-7.044,7.618,6.784,52070,-1.166,-0.182,1.894
52080,-6.438,8.224,6.606,52080,-1.478,-0.274,1.934
52090,-6.136,8.758,6.676,52090,-1.626,-0.336,1.988
52100,-5.858,8.782,6.658,52100,-1.586,-0.38,2.072
52110,-5.554,8.006,6.294,52110,-1.426,-0.448,2.126
52120,-5.526,6.688,5.494,52120,-1.224,-0.668,2.116
52130,-6.146,5.504,4.532,52130,-1.12,-1.088,2.028
52140,-7.57,4.802,3.452,52140,-1.184,-1.45,1.892
52150,-9.708,4.814,2.078,52150,-1.356,-1.446,1.774
52160,-12.638,5.546,0.946,52160,-1.568,-1.306,1.698
52170,-15.728,6.804,0.204,52170,-1.76,-1.184,1.552
52180,-17.364,8.16,-0.772,52180,-1.828,-1.188,1.392
52190,-17.766,9.11,-1.374,52190,-1.644,-1.28,1.314
52200,-17.756,8.874,-1.424,52200,-1.242,-1.34,1.318
52210,-16.66,7.494,-1.332,52210,-0.82,-1.31,1.348
52220,-15.026,5.968,-1.48,52220,-0.504,-1.236,1.366
52230,-13.994,4.886,-1.904,52230,-0.304,-1.16,1.362
52240,-13.822,4.346,-2.392,52240,-0.19,-1.078,1.316
52250,-13.822,4.182,-2.932,52250,-0.094,-1.018,1.224
52260,-13.508,4.324,-3.304,52260,0.034,-0.938,1.112
52270,-12.972,4.636,-3.198,52270,0.162,-0.912,0.992
52280,-12.036,4.752,-3.006,52280,0.268,-0.914,0.882
52290,-10.838,4.612,-2.8,52290,0.342,-0.938,0.824
52300,-10.01,4.384,-2.346,52300,0.358,-0.9,0.71
52310,-9.322,3.972,-2.23,52310,0.312,-0.856,0.612
52320,-8.394,3.678,-2.038,52320,0.166,-0.85,0.558
52330,-7.594,3.52,-1.356,52330,0.008,-0.844,0.524
52340,-6.62,3.78,-0.926,52340,-0.072,-0.848,0.512
52350,-5.806,4.18,-0.45,52350,-0.022,-0.852,0.526
52360,-5.126,4.172,0.172,52360,0.116,-0.854,0.556
52370,-4.638,3.898,0.75,52370,0.24,-0.878,0.584
52380,-4.352,3.464,1.06,52380,0.274,-0.954,0.61
52390,-4.35,3.068,1.232,52390,0.244,-1.038,0.624
52400,-4.6,2.8,1.148,52400,0.228,-1.146,0.62
52410,-4.974,2.852,0.778,52410,0.252,-1.254,0.582
52420,-5.322,3.186,0.572,52420,0.294,-1.31,0.508
52430,-5.568,3.64,0.398,52430,0.384,-1.278,0.416
52440,-5.69,3.814,0.248,52440,0.52,-1.166,0.33
52450,-5.518,3.714,0.36,52450,0.586,-1.058,0.24
52460,-5.226,3.776,0.65,52460,0.556,-1.024,0.154
52470,-5.15,4.184,0.58,52470,0.498,-1.09,0.094
52480,-5.464,4.638,0.3,52480,0.468,-1.164,0.042
52490,-6.094,5.078,-0.044,52490,0.518,-1.188,-0.002
52500,-6.452,5.518,-0.688,52500,0.648,-1.21,-0.084
52510,-6.682,5.964,-0.884,52510,0.83,-1.258,-0.236
52520,-6.924,6.598,-0.5,52520,1.018,-1.31,-0.422
52530,-7.208,7.246,-0.016,52530,1.146,-1.348,-0.584
52540,-7.614,7.708,0.154,52540,1.214,-1.374,-0.662
52550,-8.122,8.202,0.418,52550,1.224,-1.41,-0.666
52560,-8.612,8.882,1,52560,1.204,-1.414,-0.702
52570,-8.506,9.468,1.512,52570,1.26,-1.356,-0.686
52580,-7.978,9.846,2.164,52580,1.376,-1.28,-0.574
52590,-7.52,10.264,3.534,52590,1.368,-1.234,-0.52
52600,-6.918,10.786,5.048,52600,1.188,-1.244,-0.588
52610,-6.288,11.538,6.354,52610,0.972,-1.346,-0.708
52620,-5.982,11.668,7.234,52620,0.806,-1.482,-0.806
52630,-6.262,11.476,8.068,52630,0.612,-1.618,-0.876
52640,-6.86,11.952,8.558,52640,0.378,-1.758,-0.884
52650,-7.228,12.856,8.6,52650,0.17,-1.908,-0.806
52660,-7.312,13.366,8.89,52660,-0.014,-2.056,-0.718
52670,-7.338,13.35,9.614,52670,-0.102,-2.178,-0.702
52680,-7.196,13.118,10.48,52680,-0.184,-2.35,-0.708
52690,-6.968,12.52,11.35,52690,-0.286,-2.558,-0.666
52700,-6.762,11.732,11.484,52700,-0.422,-2.788,-0.594
52710,-6.562,10.822,10.836,52710,-0.616,-2.99,-0.628
52720,-6.612,10.414,10.324,52720,-0.796,-3.152,-0.758
52730,-6.432,10.524,9.144,52730,-0.96,-3.304,-0.856
52740,-6.25,10.44,8.464,52740,-1.092,-3.412,-0.9
52750,-6.216,9.794,8.028,52750,-1.176,-3.502,-0.95
52760,-5.844,8.954,7.21,52760,-1.28,-3.588,-1.014
52770,-5.434,8.292,6.538,52770,-1.43,-3.654,-1.066
52780,-5.374,7.798,5.898,52780,-1.58,-3.716,-1.126
52790,-5.46,7.472,5.304,52790,-1.604,-3.736,-1.176
52800,-5.502,7.24,4.728,52800,-1.502,-3.702,-1.194
52810,-5.486,6.79,4.162,52810,-1.376,-3.672,-1.242
52820,-5.354,6.422,3.568,52820,-1.244,-3.676,-1.286
52830,-5.042,6.278,2.844,52830,-1.052,-3.668,-1.294
52840,-4.742,5.826,2.104,52840,-0.822,-3.628,-1.266
52850,-4.416,5.292,1.436,52850,-0.656,-3.556,-1.25
52860,-4.054,5.22,1.092,52860,-0.596,-3.486,-1.264
52870,-3.802,5.436,0.97,52870,-0.56,-3.4,-1.27
52880,-3.75,5.678,1.234,52880,-0.518,-3.268,-1.26
52890,-3.642,5.854,1.326,52890,-0.564,-3.142,-1.246
52900,-3.402,5.904,1.032,52900,-0.694,-3.036,-1.238
52910,-3.234,5.944,1.002,52910,-0.78,-2.888,-1.25
52920,-3.104,6.062,1.272,52920,-0.804,-2.704,-1.268
52930,-2.918,6.408,1.558,52930,-0.788,-2.54,-1.258
52940,-2.588,6.686,1.798,52940,-0.696,-2.41,-1.196
52950,-2.048,6.626,2.098,52950,-0.516,-2.286,-1.068
52960,-1.386,6.208,2.28,52960,-0.318,-2.146,-0.926
52970,-0.754,5.754,2.372,52970,-0.178,-2.032,-0.834
52980,-0.142,5.458,2.58,52980,-0.142,-1.898,-0.806
52990,0.35,5.344,3.168,52990,-0.268,-1.754,-0.84
53000,0.648,5.426,3.774,53000,-0.494,-1.658,-0.918
53010,0.888,5.776,4.276,53010,-0.664,-1.614,-0.95
53020,1.024,6.316,5.014,53020,-0.73,-1.522,-0.878
53030,1.02,7.06,5.642,53030,-0.778,-1.366,-0.752
53040,1.118,7.764,5.504,53040,-0.858,-1.246,-0.662
53050,1.404,8.128,5.512,53050,-0.916,-1.164,-0.608
53060,1.692,8.298,6.238,53060,-0.924,-1.068,-0.552
53070,1.95,8.394,6.744,53070,-0.94,-0.974,-0.516
53080,2.354,8.28,6.75,53080,-0.986,-0.95,-0.506
53090,2.856,8.272,7.064,53090,-1.018,-0.916,-0.518
53100,3.152,8.454,7.364,53100,-1.128,-0.93,-0.56
53110,3.198,8.612,7.18,53110,-1.294,-1.032,-0.636
53120,3.232,8.678,7.288,53120,-1.338,-1.168,-0.708
53130,3.134,9.02,7.612,53130,-1.23,-1.234,-0.68
53140,3.048,9.646,7.656,53140,-1.064,-1.23,-0.588
53150,3.18,10.226,7.316,53150,-0.912,-1.204,-0.532
53160,3.69,10.53,6.816,53160,-0.804,-1.236,-0.514
53170,4.318,10.714,6.794,53170,-0.68,-1.248,-0.516
53180,4.704,10.67,7.192,53180,-0.546,-1.202,-0.542
53190,4.992,10.39,7.156,53190,-0.466,-1.176,-0.574
53200,5.514,10.052,6.79,53200,-0.48,-1.196,-0.608
53210,5.982,9.92,6.59,53210,-0.53,-1.218,-0.656
53220,6.342,9.972,6.46,53220,-0.536,-1.194,-0.656
53230,6.736,10.126,6.446,53230,-0.486,-1.128,-0.524
53240,7.136,10.306,6.552,53240,-0.398,-1.024,-0.298
53250,7.506,10.454,6.354,53250,-0.302,-0.938,-0.056
53260,8.004,10.452,6.208,53260,-0.26,-0.892,0.168
53270,8.508,10.33,6.374,53270,-0.304,-0.884,0.38
53280,8.724,10.046,6.5,53280,-0.38,-0.878,0.582
53290,8.766,9.686,6.816,53290,-0.474,-0.868,0.758
53300,8.674,9.16,6.688,53300,-0.582,-0.882,0.896
53310,8.566,8.68,6.626,53310,-0.618,-0.958,1.028
53320,8.456,8.274,6.538,53320,-0.558,-1.042,1.172
53330,8.176,7.854,6.382,53330,-0.45,-1.14,1.328
53340,7.804,7.44,5.836,53340,-0.318,-1.246,1.486
53350,7.502,7.076,5.27,53350,-0.136,-1.304,1.616
53360,7.31,6.766,4.704,53360,0.046,-1.334,1.742
53370,7.336,6.67,4.488,53370,0.184,-1.392,1.904
53380,7.374,6.642,4.372,53380,0.214,-1.468,2.04
53390,7.274,6.602,4.372,53390,0.152,-1.544,2.09
53400,7.196,6.55,4.562,53400,0.056,-1.594,2.124
53410,7.114,6.53,4.968,53410,-0.044,-1.604,2.192
53420,7.13,6.8,5.22,53420,-0.052,-1.586,2.282
53430,7.454,7.572,5.382,53430,0.092,-1.56,2.4
53440,7.94,8.278,5.504,53440,0.304,-1.534,2.514
53450,8.384,8.45,5.406,53450,0.518,-1.546,2.622
53460,8.808,8.45,5.17,53460,0.712,-1.622,2.73
53470,9.128,8.536,5.24,53470,0.808,-1.74,2.82
53480,9.316,8.62,5.622,53480,0.826,-1.864,2.858
53490,9.466,8.554,6.012,53490,0.784,-2.026,2.882
53500,9.736,8.35,6.538,53500,0.736,-2.224,2.936
53510,9.936,8.522,7.014,53510,0.786,-2.366,3.014
53520,10.07,9.228,7.24,53520,0.968,-2.524,3.126
53530,10.226,9.92,7.276,53530,1.2,-2.716,3.27
53540,10.414,10.122,7.118,53540,1.402,-2.896,3.432
53550,10.406,10.002,6.834,53550,1.496,-3.078,3.58
53560,10.344,9.81,6.556,53560,1.502,-3.264,3.706
53570,10.4,9.338,6.5,53570,1.494,-3.444,3.87
53580,10.646,8.652,6.68,53580,1.59,-3.642,4.072
53590,11.018,8.206,6.584,53590,1.776,-3.84,4.316
53600,11.484,7.934,5.916,53600,2,-4.024,4.574
53610,11.92,7.348,5.046,53610,2.238,-4.222,4.774
53620,12.32,6.51,4.14,53620,2.402,-4.394,4.93
53630,12.676,5.648,3.168,53630,2.404,-4.558,5.028
53640,12.674,5.088,1.786,53640,2.39,-4.706,5.038
53650,12.386,4.878,0.532,53650,2.422,-4.842,4.972
53660,11.976,4.354,-0.2,53660,2.592,-4.984,4.898
53670,11.578,3.378,-1.116,53670,2.932,-5.002,4.854
53680,11.208,2.088,-1.936,53680,3.32,-4.95,4.79
53690,11.094,0.932,-3.056,53690,3.646,-4.958,4.674
53700,11.216,0.236,-4.816,53700,3.868,-4.954,4.47
53710,11.042,-0.206,-6.554,53710,4.052,-4.92,4.192
53720,10.492,-0.554,-8.428,53720,4.27,-4.794,3.932
53730,10.088,-1.042,-10.374,53730,4.5,-4.51,3.766
53740,9.878,-1.294,-12.49,53740,4.616,-4.136,3.608
53750,9.954,-0.838,-14.858,53750,4.58,-3.72,3.262
53760,10.058,0.074,-17.168,53760,4.448,-3.37,2.694
53770,9.908,0.698,-18.456,53770,4.386,-2.982,1.874
53780,9.214,0.482,-19.36,53780,4.028,-2.502,0.57
53790,7.37,-0.374,-20.972,53790,3.324,-1.868,-1.2
53800,5.098,-2.076,-23.896,53800,2.914,-0.71,-4.108
53810,2.022,-5.682,-28.186,53810,3.42,1.838,-7.79
53820,-2.458,-10.798,-28.344,53820,5.622,4.956,-10.354
53830,-6.13,-18.742,-29.56,53830,6.064,8.352,-10.574
53840,-2.782,-30.232,-36.168,53840,5.1,10.19,-10.32
53850,-6.414,-38.898,-39.214,53850,4.618,10.332,-12.372
53860,-20.592,-36.734,-39.214,53860,1.732,11.996,-14.532
53870,-34.258,-10.69,-38.898,53870,-2.182,14.674,-14.756
53880,-38.784,7.798,-29.174,53880,-4.06,16.824,-14.022
53890,-38.784,12.634,-8.278,53890,-5.06,17.47,-12.72
53900,-38.662,28.584,11.166,53900,-5.846,16.462,-13.722
53910,-38.784,38.618,23.2,53910,-7.198,12.82,-10.858
53920,-38.784,38.618,26.81,53920,-5.756,12.988,-4.392
53930,-38.782,32.474,18.504,53930,-4.85,10.364,-7.42
53940,-32.39,0.354,4.278,53940,-7.632,7.832,-9.116
53950,-27.746,-4.424,-7.178,53950,-5.674,9.434,-5.304
53960,-33.652,-5.068,-28.788,53960,-0.202,11.154,-0.104
53970,-29.758,-21.34,-8.856,53970,2.84,9.732,3.046
53980,-14.11,-31.246,0.252,53980,3.434,6.342,2.762
53990,-19.458,-39.226,-1.298,53990,2.598,4.814,1.98
54000,-32.574,-33.412,-10.228,54000,1.236,4.614,1.33
54010,-38.784,-9.418,-5.584,54010,0.078,4.512,0.796
54020,-38.158,4.698,4.992,54020,-0.742,4.004,0.626
54030,-32.042,7.732,12.136,54030,-1.14,3.7,0.734
54040,-30.134,8.8,16.142,54040,-1.096,3.688,0.942
54050,-29.672,6.596,13.566,54050,-0.508,3.576,1.094
54060,-27.694,3.274,11.61,54060,0.366,3.164,1.474
54070,-26.784,0.694,12.184,54070,1.078,2.636,2.032
54080,-29.046,-1.68,13.478,54080,1.496,2.168,2.404
54090,-32.486,-2.48,15.094,54090,1.756,2.008,2.518
54100,-33.536,-0.992,16.202,54100,1.776,1.89,2.368
54110,-31.202,1.212,16.984,54110,1.694,1.702,2.144
54120,-28.412,3.87,18.308,54120,1.584,1.58,1.898
54130,-26.444,5.822,18.53,54130,1.498,1.438,1.646
54140,-24.96,6.948,18.078,54140,1.456,1.332,1.424
54150,-23.178,7.326,16.822,54150,1.468,1.096,1.22
54160,-21.054,6.652,14.262,54160,1.528,0.916,1.13
54170,-20.072,6.1,12.656,54170,1.562,0.888,1.166
54180,-20.012,5.364,9.72,54180,1.592,0.79,1.24
54190,-20.014,5.02,7.09,54190,1.624,0.626,1.284
54200,-18.534,4.702,4.78,54200,1.658,0.458,1.284
54210,-16.424,4.382,2.518,54210,1.718,0.34,1.246
54220,-14.93,4.422,1.458,54220,1.764,0.27,1.16
54230,-13.84,4.764,1.344,54230,1.732,0.142,1.066
54240,-13.132,5.272,1.608,54240,1.676,0.004,1.02
54250,-12.566,5.712,1.71,54250,1.684,-0.046,1.038
54260,-12.084,5.884,1.562,54260,1.714,-0.02,1.074
54270,-11.486,5.902,1.556,54270,1.634,0.058,1.07
54280,-10.52,5.868,1.878,54280,1.39,0.178,0.998
54290,-9.3,5.802,2.312,54290,1.064,0.268,0.838
54300,-8.18,5.844,3.02,54300,0.786,0.226,0.686
54310,-7.312,6.046,3.664,54310,0.556,0.2,0.574
54320,-6.576,6.164,3.802,54320,0.46,0.122,0.52
54330,-6.148,6.326,3.754,54330,0.496,0.028,0.546
54340,-5.88,6.346,4.358,54340,0.664,-0.044,0.654
54350,-5.802,5.71,4.558,54350,0.918,-0.142,0.778
54360,-5.594,4.614,4.374,54360,1.172,-0.306,0.858
54370,-5.444,3.514,4.106,54370,1.376,-0.516,0.888
54380,-5.534,2.778,3.772,54380,1.514,-0.738,0.88
54390,-5.608,2.326,3.1,54390,1.566,-0.96,0.878
54400,-5.402,2.044,2.444,54400,1.522,-1.084,0.886
54410,-4.982,2.114,1.672,54410,1.4,-1.114,0.86
54420,-4.362,2.37,0.796,54420,1.182,-1.26,0.812
54430,-3.924,2.91,1.052,54430,0.916,-1.568,0.756
54440,-4.166,3.712,1.748,54440,0.67,-1.872,0.718
54450,-4.958,4.11,1.564,54450,0.566,-2.102,0.752
54460,-6.05,4.078,1.268,54460,0.648,-2.112,0.778
54470,-7.34,4.48,1.452,54470,0.87,-1.83,0.726
54480,-8.264,5.1,1.252,54480,1.044,-1.454,0.534
54490,-8.346,5.518,0.466,54490,1.06,-1.276,0.28
54500,-7.604,5.594,-0.634,54500,1.034,-1.276,0.152
54510,-6.622,4.802,-2.03,54510,1.088,-1.382,0.18
54520,-6.428,3.606,-3.232,54520,1.222,-1.546,0.256
54530,-7.358,3.45,-3.718,54530,1.382,-1.578,0.314
54540,-8.952,4.35,-4.064,54540,1.492,-1.46,0.276
54550,-10.76,5.548,-4.5,54550,1.458,-1.362,0.158
54560,-12.294,6.798,-4.316,54560,1.366,-1.332,0.07
54570,-13.152,7.792,-3.98,54570,1.29,-1.292,0.026
54580,-13.278,8.46,-3.636,54580,1.264,-1.248,-0.004
54590,-12.946,8.922,-2.918,54590,1.284,-1.232,0.014
54600,-12.328,9.302,-1.654,54600,1.28,-1.254,0.104
54610,-11.448,9.536,-0.476,54610,1.224,-1.288,0.222
54620,-10.412,9.616,0.456,54620,1.192,-1.282,0.284
54630,-9.336,9.438,1.33,54630,1.18,-1.296,0.258
54640,-8.406,9.328,2.592,54640,1.106,-1.348,0.162
54650,-7.694,9.25,3.816,54650,0.992,-1.406,-0.014
54660,-7.162,8.892,4.262,54660,0.896,-1.458,-0.248
54670,-7.1,8.462,4.516,54670,0.762,-1.482,-0.496
54680,-7.634,8.516,4.844,54680,0.594,-1.49,-0.724
54690,-8.038,9.18,4.676,54690,0.51,-1.496,-0.874
54700,-7.92,9.76,4.502,54700,0.512,-1.476,-0.918
54710,-7.55,9.926,4.752,54710,0.572,-1.446,-0.872
54720,-6.992,9.754,4.868,54720,0.668,-1.414,-0.792
54730,-6.272,9.336,4.782,54730,0.73,-1.378,-0.752
54740,-5.674,8.778,4.634,54740,0.71,-1.358,-0.784
54750,-5.33,8.312,4.406,54750,0.62,-1.364,-0.878
54760,-5.096,8.04,4.008,54760,0.51,-1.36,-0.99
54770,-4.936,7.926,3.502,54770,0.398,-1.328,-1.052
54780,-4.81,8.03,2.93,54780,0.306,-1.286,-1.066
54790,-4.596,8.188,2.39,54790,0.27,-1.258,-1.066
54800,-4.18,8.08,1.95,54800,0.312,-1.224,-1.082
54810,-3.696,7.682,1.576,54810,0.418,-1.168,-1.112
54820,-3.294,7.056,1.176,54820,0.564,-1.112,-1.13
54830,-2.974,6.238,0.88,54830,0.712,-1.04,-1.158
54840,-2.63,5.508,0.618,54840,0.824,-0.94,-1.228
54850,-2.226,5.032,0.406,54850,0.874,-0.85,-1.342
54860,-1.838,4.69,0.222,54860,0.866,-0.75,-1.49
54870,-1.582,4.536,0.186,54870,0.852,-0.644,-1.64
54880,-1.474,4.512,0.138,54880,0.906,-0.556,-1.768
54890,-1.446,4.592,0.196,54890,1.022,-0.464,-1.874
54900,-1.536,4.75,0.202,54900,1.032,-0.36,-2.026
54910,-1.698,5.016,0.01,54910,0.95,-0.254,-2.184
54920,-1.866,5.194,-0.142,54920,1.04,-0.158,-2.282
54930,-1.974,4.832,-0.412,54930,1.29,-0.048,-2.314
54940,-2.342,4.374,-0.47,54940,1.476,0.07,-2.332
54950,-2.94,4.386,-0.526,54950,1.55,0.134,-2.388
54960,-3.35,4.71,-0.846,54960,1.602,0.17,-2.478
54970,-3.774,4.892,-1.118,54970,1.676,0.246,-2.564
54980,-4.516,4.952,-1.33,54980,1.752,0.34,-2.636
54990,-5.304,5.108,-1.404,54990,1.848,0.42,-2.694
55000,-5.854,5.398,-1.434,55000,2.044,0.472,-2.668
55010,-6.208,5.608,-1.666,55010,2.374,0.518,-2.502
55020,-6.558,5.49,-1.99,55020,2.784,0.58,-2.22
55030,-6.828,5.07,-2.438,55030,3.144,0.666,-1.934
55040,-7.02,4.478,-2.764,55040,3.348,0.746,-1.746
55050,-7.294,4.086,-2.632,55050,3.358,0.802,-1.674
55060,-7.738,3.98,-2.072,55060,3.236,0.84,-1.708
55070,-8.116,4.254,-1.496,55070,3.03,0.894,-1.812
55080,-8.376,4.894,-1,55080,2.762,0.958,-1.962
55090,-8.56,5.79,-0.586,55090,2.482,1.05,-2.148
55100,-8.81,6.622,-0.106,55100,2.252,1.168,-2.36
55110,-9.214,7.102,0.554,55110,2.122,1.256,-2.552
55120,-9.618,7.204,1.188,55120,2.11,1.262,-2.652
55130,-9.93,6.828,1.418,55130,2.18,1.186,-2.622
55140,-10.236,5.972,1.338,55140,2.338,1.078,-2.432
55150,-10.668,4.756,1.204,55150,2.602,1.014,-2.134
55160,-11.4,3.528,1.242,55160,2.836,1,-1.852
55170,-12.18,2.762,1.268,55170,2.83,1,-1.656
55180,-12.718,2.59,1.264,55180,2.564,1.032,-1.53
55190,-12.878,2.86,1.53,55190,2.148,1.116,-1.44
55200,-12.676,3.402,2.376,55200,1.65,1.182,-1.384
55210,-12.246,4.064,3.632,55210,1.124,1.152,-1.38
55220,-11.848,4.824,4.55,55220,0.706,1.066,-1.394
55230,-11.848,5.518,4.884,55230,0.468,0.97,-1.364
55240,-12.544,5.976,5.002,55240,0.176,0.822,-1.374
55250,-13.994,6.08,5.044,55250,-0.138,0.638,-1.382
55260,-15.522,5.566,4.224,55260,-0.376,0.468,-1.326
55270,-16.86,4.714,2.894,55270,-0.466,0.352,-1.282
55280,-17.93,4.034,1.376,55280,-0.392,0.316,-1.26
55290,-18.358,3.688,0.034,55290,-0.228,0.312,-1.194
55300,-18.168,3.496,-0.826,55300,-0.026,0.302,-1.122
55310,-17.506,2.96,-1.234,55310,0.184,0.282,-1.08
55320,-16.536,2.174,-1.468,55320,0.338,0.206,-1.004
55330,-15.96,1.598,-1.832,55330,0.444,0.038,-0.846
55340,-15.968,1.364,-2.41,55340,0.528,-0.162,-0.73
55350,-16.036,1.426,-3.152,55350,0.544,-0.382,-0.774
55360,-15.778,1.798,-3.908,55360,0.51,-0.606,-0.888
55370,-15.21,2.108,-4.514,55370,0.456,-0.778,-0.942
55380,-14.314,1.868,-5.114,55380,0.342,-0.924,-0.982
55390,-13.302,1.628,-5.296,55390,0.13,-1,-1.084
55400,-12.372,2.1,-5.024,55400,-0.172,-1.028,-1.214
55410,-11.46,2.642,-4.822,55410,-0.498,-1.054,-1.334
55420,-10.61,2.832,-4.446,55420,-0.79,-1.088,-1.434
55430,-9.746,2.958,-4.082,55430,-1.02,-1.108,-1.506
55440,-8.962,3.154,-3.846,55440,-1.156,-1.09,-1.546
55450,-8.226,3.3,-3.644,55450,-1.216,-1.034,-1.558
55460,-7.502,3.238,-3.392,55460,-1.218,-0.92,-1.534
55470,-6.754,2.966,-3.118,55470,-1.204,-0.76,-1.49
55480,-6.028,2.588,-2.856,55480,-1.184,-0.606,-1.446
55490,-5.358,2.206,-2.614,55490,-1.148,-0.502,-1.398
55500,-4.932,2.004,-2.396,55500,-1.084,-0.444,-1.346
55510,-4.77,1.98,-2.376,55510,-0.992,-0.404,-1.288
55520,-4.846,2.044,-2.558,55520,-0.874,-0.378,-1.212
55530,-5.046,2.104,-2.826,55530,-0.726,-0.362,-1.11
55540,-5.25,2.026,-3.034,55540,-0.552,-0.354,-0.988
55550,-5.512,1.802,-3.288,55550,-0.38,-0.358,-0.876
55560,-5.794,1.558,-3.584,55560,-0.216,-0.366,-0.778
55570,-6.14,1.464,-3.886,55570,-0.068,-0.394,-0.666
55580,-6.486,1.38,-4.266,55580,0.024,-0.42,-0.53
55590,-6.784,1.182,-4.676,55590,0.068,-0.414,-0.416
55600,-7.064,1.12,-4.868,55600,0.116,-0.376,-0.352
55610,-7.186,1.268,-4.782,55610,0.21,-0.314,-0.286
55620,-7.18,1.43,-4.774,55620,0.372,-0.232,-0.168
55630,-7.222,1.484,-4.82,55630,0.584,-0.16,0.018
55640,-7.316,1.43,-4.826,55640,0.862,-0.108,0.264
55650,-7.438,1.212,-4.816,55650,1.166,-0.03,0.512
55660,-7.69,0.808,-4.842,55660,1.462,0.05,0.738
55670,-8.01,0.302,-5.098,55670,1.752,0.126,0.964
55680,-8.272,-0.066,-5.404,55680,2.02,0.202,1.194
55690,-8.67,-0.156,-5.5,55690,2.246,0.306,1.414
55700,-9.106,-0.014,-5.478,55700,2.446,0.44,1.642
55710,-9.39,0.07,-5.53,55710,2.6,0.56,1.868
55720,-9.588,0.022,-5.346,55720,2.728,0.648,2.072
55730,-9.81,-0.112,-5.092,55730,2.866,0.734,2.254
55740,-9.896,-0.404,-5.06,55740,2.954,0.81,2.38
55750,-9.85,-0.522,-4.874,55750,2.938,0.882,2.41
55760,-9.756,-0.226,-4.338,55760,2.832,0.958,2.366
55770,-9.598,0.146,-3.734,55770,2.628,1.004,2.286
55780,-9.57,0.642,-2.808,55780,2.326,1.008,2.166
55790,-9.582,1.312,-2.196,55790,1.93,0.988,2.004
55800,-9.584,2.03,-1.87,55800,1.44,0.97,1.792
55810,-9.758,2.752,-1.286,55810,0.876,0.982,1.544
55820,-10.012,3.454,-0.592,55820,0.25,0.974,1.276
55830,-10.168,4.194,0.06,55830,-0.448,0.94,0.99
55840,-10.19,5.104,0.648,55840,-1.164,0.864,0.664
55850,-10.216,5.986,1.046,55850,-1.856,0.788,0.36
55860,-10.216,6.454,1.246,55860,-2.5,0.728,0.108
55870,-10.132,6.572,1.434,55870,-3.062,0.664,-0.11
55880,-9.954,6.554,1.684,55880,-3.48,0.62,-0.28
55890,-9.662,6.414,1.816,55890,-3.726,0.592,-0.37
55900,-9.276,5.972,1.828,55900,-3.78,0.546,-0.368
55910,-8.954,5.182,1.908,55910,-3.656,0.484,-0.282
55920,-8.78,3.96,1.868,55920,-3.354,0.458,-0.134
55930,-8.642,2.388,1.442,55930,-2.976,0.46,0.014
55940,-8.532,0.75,0.858,55940,-2.636,0.462,0.098
55950,-8.594,-0.426,0.474,55950,-2.41,0.48,0.084
55960,-8.834,-1.046,0.002,55960,-2.32,0.498,-0.006
55970,-9.262,-1.154,-0.742,55970,-2.352,0.5,-0.156
55980,-9.778,-0.742,-1.518,55980,-2.448,0.476,-0.308
55990,-10.37,-0.064,-2.302,55990,-2.59,0.418,-0.44
56000,-11.068,0.542,-3.106,56000,-2.72,0.31,-0.554
56010,-11.768,0.964,-3.996,56010,-2.806,0.156,-0.65
56020,-12.518,1.308,-4.692,56020,-2.826,-0.008,-0.732
56030,-13.262,1.588,-5.182,56030,-2.738,-0.166,-0.776
56040,-13.834,1.738,-5.456,56040,-2.53,-0.322,-0.744
56050,-14.024,1.586,-5.61,56050,-2.238,-0.454,-0.604
56060,-13.744,1.242,-5.832,56060,-1.904,-0.49,-0.394
56070,-13.008,0.918,-6.012,56070,-1.574,-0.346,-0.222
56080,-11.934,0.702,-6.076,56080,-1.376,-0.124,-0.136
56090,-10.702,0.654,-5.684,56090,-1.356,0.042,-0.09
56100,-10.008,1.03,-4.818,56100,-1.482,0.108,-0.068
56110,-9.968,1.562,-4.2,56110,-1.67,0.076,-0.076
56120,-10.32,2.094,-4.024,56120,-1.852,0,-0.106
56130,-10.79,2.746,-3.902,56130,-1.96,-0.074,-0.114
56140,-11.194,3.3,-3.696,56140,-1.94,-0.122,-0.07
56150,-11.246,3.45,-3.384,56150,-1.798,-0.152,0.054
56160,-10.93,3.074,-2.914,56160,-1.586,-0.164,0.236
56170,-10.318,2.308,-2.546,56170,-1.356,-0.172,0.426
56180,-9.612,1.406,-2.146,56180,-1.128,-0.196,0.6
56190,-9.024,0.622,-1.686,56190,-0.928,-0.226,0.76
56200,-8.566,0.04,-1.384,56200,-0.796,-0.26,0.876
56210,-8.144,-0.31,-1.176,56210,-0.764,-0.274,0.906
56220,-7.794,-0.184,-0.848,56220,-0.804,-0.252,0.862
56230,-7.464,0.268,-0.586,56230,-0.868,-0.184,0.776
56240,-7.052,0.702,-0.398,56240,-0.91,-0.078,0.674
56250,-6.588,0.978,-0.174,56250,-0.904,0.044,0.588
56260,-6.178,1.074,-0.068,56260,-0.832,0.164,0.53
56270,-5.854,0.96,-0.042,56270,-0.724,0.268,0.486
56280,-5.776,0.638,-0.25,56280,-0.602,0.338,0.446
56290,-6.036,0.27,-0.724,56290,-0.5,0.382,0.394
56300,-6.656,-0.008,-1.166,56300,-0.454,0.41,0.312
56310,-7.542,-0.004,-1.666,56310,-0.466,0.412,0.2
56320,-8.57,0.308,-2.038,56320,-0.538,0.376,0.076
56330,-9.68,0.842,-2.228,56330,-0.658,0.298,-0.034
56340,-10.768,1.392,-2.48,56340,-0.762,0.202,-0.116
56350,-11.708,1.818,-2.87,56350,-0.792,0.118,-0.154
56360,-12.44,2.168,-3.186,56360,-0.744,0.06,-0.126
56370,-12.91,2.366,-3.284,56370,-0.632,0.006,-0.086
56380,-13.082,2.312,-3.204,56380,-0.494,-0.02,-0.052
56390,-12.968,2.124,-2.946,56390,-0.368,0.008,0.006
56400,-12.568,1.776,-2.706,56400,-0.3,0.062,0.066
56410,-11.868,1.46,-2.402,56410,-0.302,0.1,0.068
56420,-11.148,1.504,-1.936,56420,-0.346,0.128,0.022
56430,-10.596,1.792,-1.46,56430,-0.41,0.154,-0.03
56440,-10.222,2.084,-1.048,56440,-0.49,0.17,-0.062
56450,-9.936,2.378,-0.64,56450,-0.56,0.166,-0.072
56460,-9.708,2.612,-0.246,56460,-0.59,0.148,-0.06
56470,-9.554,2.718,0.118,56470,-0.556,0.124,-0.028
56480,-9.42,2.64,0.376,56480,-0.466,0.096,0.02
56490,-9.282,2.37,0.478,56490,-0.364,0.064,0.088
56500,-9.122,2.036,0.414,56500,-0.278,0.038,0.154
56510,-8.93,1.728,0.25,56510,-0.224,0.028,0.192
56520,-8.752,1.482,0.122,56520,-0.214,0.03,0.178
56530,-8.622,1.396,0.026,56530,-0.25,0.036,0.112
56540,-8.558,1.58,0.03,56540,-0.324,0.034,0.024
56550,-8.656,1.822,-0.116,56550,-0.41,0.006,-0.062
56560,-8.808,1.996,-0.312,56560,-0.48,-0.046,-0.14
56570,-9.094,2.166,-0.422,56570,-0.51,-0.106,-0.204
56580,-9.436,2.296,-0.674,56580,-0.494,-0.146,-0.252
56590,-9.68,2.202,-1.088,56590,-0.45,-0.158,-0.286
56600,-9.768,1.956,-1.442,56600,-0.408,-0.156,-0.318
56610,-9.826,1.738,-1.602,56610,-0.384,-0.122,-0.356
56620,-9.81,1.622,-1.724,56620,-0.386,-0.074,-0.404
56630,-9.694,1.546,-1.896,56630,-0.412,-0.038,-0.456
56640,-9.632,1.66,-1.836,56640,-0.444,-0.016,-0.506
56650,-9.706,1.89,-1.724,56650,-0.46,-0.012,-0.534
56660,-9.834,2.076,-1.752,56660,-0.454,-0.024,-0.54
56670,-9.966,2.11,-1.888,56670,-0.416,-0.05,-0.524
56680,-10.06,2.062,-1.892,56680,-0.348,-0.068,-0.482
56690,-10.06,2.002,-1.86,56690,-0.246,-0.058,-0.428
56700,-9.942,1.834,-1.698,56700,-0.152,-0.032,-0.392
56710,-9.746,1.758,-1.324,56710,-0.096,0.002,-0.376
56720,-9.424,1.726,-1.066,56720,-0.086,0.038,-0.376
56730,-9.068,1.716,-0.876,56730,-0.112,0.056,-0.398
56740,-8.788,1.776,-0.69,56740,-0.168,0.054,-0.432
56750,-8.59,1.97,-0.546,56750,-0.232,0.046,-0.48
56760,-8.498,2.152,-0.474,56760,-0.284,0.05,-0.542
56770,-8.492,2.302,-0.402,56770,-0.31,0.068,-0.6
56780,-8.474,2.388,-0.426,56780,-0.32,0.056,-0.634
56790,-8.54,2.432,-0.438,56790,-0.326,0.006,-0.658
56800,-8.752,2.482,-0.46,56800,-0.3,-0.038,-0.662
56810,-9.018,2.428,-0.582,56810,-0.256,-0.072,-0.648
56820,-9.332,2.28,-0.638,56820,-0.198,-0.102,-0.634
56830,-9.514,2.076,-0.754,56830,-0.138,-0.12,-0.616
56840,-9.584,2.026,-0.89,56840,-0.082,-0.13,-0.582
56850,-9.62,2.066,-1.04,56850,-0.026,-0.124,-0.532
56860,-9.63,2.006,-1.186,56860,0.026,-0.118,-0.472
56870,-9.692,2.02,-1.142,56870,0.082,-0.122,-0.396
56880,-9.778,2.096,-1.142,56880,0.132,-0.134,-0.3
56890,-9.84,2.032,-1.29,56890,0.168,-0.144,-0.202
56900,-9.906,1.95,-1.396,56900,0.176,-0.144,-0.128
56910,-9.938,2.022,-1.366,56910,0.168,-0.122,-0.086
56920,-9.822,2.092,-1.284,56920,0.152,-0.068,-0.062
56930,-9.606,2.05,-1.174,56930,0.122,-0.01,-0.042
56940,-9.33,2.004,-1.024,56940,0.098,0.03,-0.02
56950,-9.148,2.024,-0.894,56950,0.086,0.06,-0.002
56960,-9.212,2.1,-0.738,56960,0.084,0.066,0.014
56970,-9.338,2.008,-0.752,56970,0.082,0.058,0.026
56980,-9.47,1.834,-0.98,56980,0.086,0.054,0.028
56990,-9.692,1.71,-1.086,56990,0.092,0.06,0.028
57000,-9.91,1.632,-1.058,57000,0.108,0.068,0.026
57010,-10.004,1.576,-1.018,57010,0.134,0.078,0.028
57020,-9.992,1.522,-0.98,57020,0.16,0.084,0.036
57030,-9.92,1.442,-0.912,57030,0.182,0.082,0.05
57040,-9.862,1.398,-0.822,57040,0.198,0.076,0.07
57050,-9.802,1.366,-0.748,57050,0.208,0.068,0.088
57060,-9.786,1.396,-0.67,57060,0.222,0.058,0.098
57070,-9.772,1.448,-0.592,57070,0.24,0.054,0.116
57080,-9.724,1.478,-0.494,57080,0.252,0.06,0.132
57090,-9.602,1.462,-0.474,57090,0.252,0.072,0.144
57100,-9.368,1.464,-0.474,57100,0.236,0.082,0.152
57110,-9.194,1.484,-0.412,57110,0.22,0.088,0.154
57120,-9.082,1.546,-0.416,57120,0.22,0.09,0.156
57130,-9.006,1.598,-0.444,57130,0.226,0.092,0.166
57140,-8.958,1.58,-0.436,57140,0.236,0.092,0.188
57150,-8.94,1.534,-0.498,57150,0.25,0.086,0.208
57160,-8.846,1.448,-0.588,57160,0.282,0.094,0.214
57170,-8.774,1.406,-0.502,57170,0.334,0.12,0.21
57180,-8.712,1.4,-0.392,57180,0.388,0.144,0.216
57190,-8.644,1.332,-0.38,57190,0.42,0.144,0.236
57200,-8.614,1.246,-0.5,57200,0.428,0.126,0.25
57210,-8.686,1.21,-0.694,57210,0.436,0.122,0.246
57220,-8.854,1.29,-0.838,57220,0.426,0.128,0.218
57230,-9.006,1.374,-0.908,57230,0.414,0.138,0.186
57240,-9.018,1.518,-0.95,57240,0.42,0.158,0.172
57250,-9.032,1.604,-0.926,57250,0.44,0.172,0.178
57260,-9.084,1.658,-0.88,57260,0.466,0.16,0.198
57270,-9.108,1.67,-0.9,57270,0.492,0.132,0.22
57280,-9.216,1.604,-0.996,57280,0.524,0.106,0.25
57290,-9.378,1.512,-1.034,57290,0.552,0.088,0.274
57300,-9.538,1.44,-1.048,57300,0.554,0.088,0.278
57310,-9.608,1.518,-1.044,57310,0.542,0.102,0.268
57320,-9.554,1.658,-1.03,57320,0.526,0.122,0.254
57330,-9.51,1.744,-0.876,57330,0.528,0.144,0.248
57340,-9.42,1.75,-0.77,57340,0.542,0.16,0.254
57350,-9.382,1.736,-0.75,57350,0.546,0.162,0.264
57360,-9.428,1.672,-0.808,57360,0.546,0.162,0.272
57370,-9.506,1.552,-0.908,57370,0.55,0.16,0.258
57380,-9.668,1.46,-0.886,57380,0.548,0.148,0.234
57390,-9.846,1.504,-0.804,57390,0.546,0.146,0.21
57400,-9.954,1.552,-0.846,57400,0.566,0.16,0.172
57410,-10.05,1.494,-0.872,57410,0.6,0.18,0.124
57420,-10.078,1.488,-0.822,57420,0.624,0.204,0.064
57430,-10.164,1.424,-0.884,57430,0.622,0.242,-0.022
57440,-10.258,1.308,-0.866,57440,0.596,0.284,-0.118
57450,-10.374,1.31,-0.942,57450,0.54,0.31,-0.22
57460,-10.614,1.452,-1.006,57460,0.462,0.316,-0.328
57470,-10.92,1.728,-1.054,57470,0.388,0.318,-0.422
57480,-11.268,2.006,-1.17,57480,0.316,0.328,-0.502
57490,-11.54,2.19,-1.346,57490,0.238,0.35,-0.582
57500,-11.66,2.35,-1.58,57500,0.148,0.382,-0.676
57510,-11.708,2.484,-1.644,57510,0.044,0.402,-0.778
57520,-11.808,2.62,-1.54,57520,-0.058,0.41,-0.862
57530,-11.954,2.72,-1.412,57530,-0.16,0.4,-0.924
57540,-12.162,2.808,-1.398,57540,-0.254,0.356,-0.968
57550,-12.428,2.96,-1.442,57550,-0.318,0.298,-0.98
57560,-12.782,3.166,-1.392,57560,-0.346,0.236,-0.962
57570,-13.132,3.216,-1.418,57570,-0.356,0.196,-0.928
57580,-13.126,3.062,-1.646,57580,-0.378,0.184,-0.882
57590,-12.868,2.94,-1.714,57590,-0.438,0.172,-0.816
57600,-12.478,2.894,-1.518,57600,-0.532,0.134,-0.73
57610,-11.958,2.904,-1.306,57610,-0.64,0.072,-0.644
57620,-11.374,2.96,-1.054,57620,-0.746,0.012,-0.556
57630,-10.8,3.076,-0.748,57630,-0.83,-0.036,-0.458
57640,-10.138,3.082,-0.424,57640,-0.866,-0.078,-0.356
57650,-9.346,2.904,-0.128,57650,-0.824,-0.092,-0.24
57660,-8.486,2.478,0.026,57660,-0.708,-0.054,-0.118
57670,-7.642,1.862,-0.006,57670,-0.566,0.02,-0.02
57680,-6.902,1.268,-0.066,57680,-0.46,0.132,0.02
57690,-6.342,0.818,-0.054,57690,-0.418,0.266,-0.008
57700,-6.048,0.572,-0.12,57700,-0.456,0.382,-0.094
57710,-5.97,0.482,-0.344,57710,-0.576,0.428,-0.206
57720,-6.234,0.656,-0.724,57720,-0.726,0.408,-0.31
57730,-6.896,1.078,-1.1,57730,-0.858,0.354,-0.408
57740,-7.83,1.554,-1.566,57740,-0.922,0.296,-0.498
57750,-8.7,1.928,-2.06,57750,-0.912,0.238,-0.564
57760,-9.53,2.048,-2.52,57760,-0.828,0.172,-0.582
57770,-10.212,1.974,-2.994,57770,-0.682,0.09,-0.544
57780,-10.794,1.758,-3.464,57780,-0.484,0.002,-0.48
57790,-11.21,1.546,-4.03,57790,-0.274,-0.086,-0.408
57800,-11.49,1.448,-4.6,57800,-0.098,-0.174,-0.328
57810,-11.656,1.424,-5.17,57810,0.002,-0.256,-0.244
57820,-11.764,1.438,-5.624,57820,0.014,-0.34,-0.176
57830,-11.75,1.612,-5.786,57830,-0.058,-0.4,-0.126
57840,-11.558,1.916,-5.83,57840,-0.18,-0.412,-0.08
57850,-11.128,2.23,-5.758,57850,-0.332,-0.382,-0.024
57860,-10.606,2.528,-5.33,57860,-0.496,-0.304,0.03
57870,-10.044,2.782,-4.676,57870,-0.658,-0.212,0.056
57880,-9.386,2.96,-4.106,57880,-0.8,-0.122,0.05
57890,-8.72,2.928,-3.596,57890,-0.916,-0.058,0.054
57900,-8.284,2.654,-3.184,57900,-1.008,-0.038,0.082
57910,-8.102,2.238,-2.778,57910,-1.068,-0.042,0.112
57920,-8.084,1.63,-2.544,57920,-1.098,-0.058,0.122
57930,-8.05,0.948,-2.32,57930,-1.102,-0.062,0.098
57940,-8.022,0.3,-2.112,57940,-1.088,-0.056,0.066
57950,-7.852,-0.222,-2.044,57950,-1.052,-0.044,0.072
57960,-7.612,-0.68,-2.02,57960,-0.932,-0.042,0.174
57970,-7.38,-0.996,-1.902,57970,-0.748,-0.024,0.26
57980,-7.21,-1.412,-1.996,57980,-0.616,-0.004,0.242
57990,-6.972,-1.784,-2.31,57990,-0.598,-0.036,0.132
58000,-7.006,-1.554,-2.294,58000,-0.654,-0.054,-0.016
58010,-7.312,-1.006,-2.6,58010,-0.694,-0.06,-0.106
58020,-7.502,-0.608,-3.136,58020,-0.686,-0.068,-0.1
58030,-7.748,-0.414,-3.192,58030,-0.654,-0.05,-0.054
58040,-8.04,-0.264,-3.228,58040,-0.606,-0.034,-0.046
58050,-8.292,-0.116,-3.288,58050,-0.564,-0.044,-0.086
58060,-8.542,0.016,-3.346,58060,-0.534,-0.082,-0.132
58070,-8.936,0.116,-3.58,58070,-0.502,-0.152,-0.144
58080,-9.456,0.298,-3.878,58080,-0.454,-0.25,-0.128
58090,-9.95,0.556,-4.148,58090,-0.39,-0.336,-0.108
58100,-10.416,0.832,-4.324,58100,-0.318,-0.384,-0.09
58110,-10.728,0.952,-4.534,58110,-0.252,-0.388,-0.07
58120,-10.8,0.902,-4.568,58120,-0.202,-0.366,-0.05
58130,-10.69,0.854,-4.362,58130,-0.162,-0.318,-0.03
58140,-10.404,0.866,-4.136,58140,-0.138,-0.262,-0.004
58150,-10.104,0.926,-3.87,58150,-0.126,-0.216,0.036
58160,-9.79,0.958,-3.592,58160,-0.106,-0.186,0.088
58170,-9.518,0.892,-3.44,58170,-0.07,-0.154,0.128
58180,-9.418,0.772,-3.114,58180,-0.03,-0.12,0.14
58190,-9.41,0.798,-2.644,58190,-0.006,-0.078,0.13
58200,-9.402,0.844,-2.306,58200,0.006,-0.032,0.116
58210,-9.324,0.822,-2.074,58210,0.018,-0.006,0.11
58220,-9.272,0.754,-1.788,58220,0.026,-0.01,0.114
58230,-9.23,0.668,-1.652,58230,0.032,-0.02,0.124
58240,-9.264,0.572,-1.582,58240,0.034,-0.014,0.116
58250,-9.342,0.552,-1.412,58250,0.02,-0.006,0.082
58260,-9.364,0.642,-1.368,58260,-0.006,-0.002,0.04
58270,-9.304,0.762,-1.484,58270,-0.04,-0.002,0.022
58280,-9.25,0.876,-1.632,58280,-0.082,-0.004,0.022
58290,-9.308,0.9,-1.768,58290,-0.148,-0.01,0
58300,-9.39,0.932,-1.852,58300,-0.234,-0.02,-0.054
58310,-9.55,1.114,-1.934,58310,-0.3,-0.028,-0.11
58320,-9.772,1.222,-2.012,58320,-0.334,-0.04,-0.144
58330,-10.016,1.256,-2.01,58330,-0.324,-0.05,-0.152
58340,-10.174,1.23,-2.11,58340,-0.26,-0.054,-0.132
58350,-10.26,1.004,-2.208,58350,-0.168,-0.062,-0.078
58360,-10.326,0.59,-2.22,58360,-0.078,-0.088,-0.008
58370,-10.404,0.246,-2.266,58370,0.01,-0.138,0.072
58380,-10.498,0.048,-2.354,58380,0.08,-0.2,0.148
58390,-10.568,-0.032,-2.45,58390,0.126,-0.22,0.192
58400,-10.47,-0.04,-2.478,58400,0.164,-0.174,0.192
58410,-10.156,-0.064,-2.414,58410,0.188,-0.106,0.18
58420,-9.598,-0.096,-2.236,58420,0.18,-0.046,0.182
58430,-9.012,-0.136,-2.024,58430,0.138,-0.034,0.184
58440,-8.656,-0.088,-1.832,58440,0.094,-0.042,0.168
58450,-8.522,0.004,-1.686,58450,0.056,-0.058,0.144
58460,-8.518,0.084,-1.698,58460,0.028,-0.072,0.12
58470,-8.6,0.092,-1.722,58470,0.012,-0.058,0.092
58480,-8.564,0.092,-1.736,58480,0.002,-0.016,0.062
58490,-8.526,0.094,-1.82,58490,0.012,0.042,0.036
58500,-8.498,0.11,-1.938,58500,0.038,0.096,0.02
58510,-8.558,0.092,-2.062,58510,0.078,0.12,0.028
58520,-8.836,0,-2.194,58520,0.156,0.1,0.072
58530,-9.336,-0.14,-2.47,58530,0.272,0.042,0.16
58540,-9.942,-0.32,-2.844,58540,0.374,-0.022,0.282
58550,-10.568,-0.524,-3.318,58550,0.466,-0.096,0.388
58560,-11.024,-0.668,-3.76,58560,0.548,-0.12,0.452
58570,-11.292,-0.73,-3.822,58570,0.606,-0.078,0.478
58580,-11.392,-0.694,-3.788,58580,0.638,0.01,0.492
58590,-11.26,-0.64,-3.502,58590,0.646,0.09,0.506
58600,-10.966,-0.648,-3.32,58600,0.62,0.11,0.518
58610,-10.698,-0.644,-3.074,58610,0.548,0.068,0.532
58620,-10.71,-0.634,-2.846,58620,0.454,0.004,0.524
58630,-10.932,-0.646,-2.69,58630,0.354,-0.026,0.48
58640,-11.174,-0.572,-2.498,58640,0.258,-0.022,0.402
58650,-11.19,-0.488,-2.312,58650,0.182,0,0.32
58660,-10.844,-0.438,-2.044,58660,0.126,0.02,0.27
58670,-10.34,-0.488,-1.696,58670,0.09,0.042,0.24
58680,-9.938,-0.666,-1.284,58680,0.076,0.044,0.196
58690,-9.7,-0.834,-0.878,58690,0.076,0.012,0.15
58700,-9.518,-0.914,-0.562,58700,0.078,-0.028,0.108
58710,-9.46,-0.948,-0.474,58710,0.08,-0.084,0.074
58720,-9.446,-0.968,-0.48,58720,0.062,-0.112,0.044
58730,-9.374,-0.914,-0.422,58730,0.006,-0.108,-0.01
58740,-9.322,-0.74,-0.366,58740,-0.066,-0.084,-0.09
58750,-9.128,-0.426,-0.374,58750,-0.132,-0.042,-0.16
58760,-8.86,-0.104,-0.442,58760,-0.186,0.004,-0.202
58770,-8.7,0.106,-0.466,58770,-0.236,0.032,-0.216
58780,-8.678,0.292,-0.51,58780,-0.274,0.02,-0.212
58790,-8.754,0.4,-0.658,58790,-0.29,-0.012,-0.19
58800,-8.948,0.478,-0.872,58800,-0.286,-0.046,-0.166
58810,-9.238,0.48,-1.054,58810,-0.248,-0.062,-0.156
58820,-9.462,0.482,-1.27,58820,-0.152,-0.044,-0.136
58830,-9.518,0.414,-1.448,58830,-0.034,-0.018,-0.092
58840,-9.572,0.222,-1.616,58840,0.044,-0.028,-0.05
58850,-9.614,0.082,-1.824,58850,0.076,-0.092,-0.028
58860,-9.8,0.07,-2.086,58860,0.1,-0.172,-0.026
58870,-10.054,-0.026,-2.352,58870,0.098,-0.282,-0.056
58880,-10.368,-0.204,-2.586,58880,0.122,-0.398,-0.058
58890,-10.46,-0.322,-2.898,58890,0.204,-0.446,-0.004
58900,-10.314,-0.682,-3.584,58900,0.27,-0.486,0
58910,-10.282,-0.786,-3.37,58910,0.214,-0.542,-0.082
58920,-10.544,-0.164,-2.434,58920,0.12,-0.594,-0.132
58930,-10.806,0.294,-2.118,58930,0.102,-0.656,-0.094
58940,-10.756,-0.092,-2.238,58940,0.118,-0.706,-0.04
58950,-10.428,-0.542,-2.296,58950,0.106,-0.71,-0.002
58960,-10.03,-0.514,-2.474,58960,0.088,-0.73,0.056
58970,-9.766,-0.334,-2.356,58970,0.168,-0.754,0.218
58980,-9.528,-0.168,-1.928,58980,0.432,-0.75,0.516
58990,-9.288,-0.124,-1.786,58990,0.754,-0.802,0.858
59000,-9.398,0.082,-1.382,59000,1.004,-0.898,1.176
59010,-9.692,0.374,-1.29,59010,1.214,-0.946,1.474
59020,-9.968,0.408,-1.24,59020,1.402,-0.908,1.758
59030,-10,0.48,-0.896,59030,1.49,-0.862,1.966
59040,-9.766,1.046,-0.4,59040,1.426,-0.882,2.072
59050,-9.408,2.084,0.086,59050,1.27,-0.95,2.108
59060,-9.252,3.206,0.278,59060,1.084,-1.048,2.126
59070,-9.524,4.182,0.324,59070,0.924,-1.138,2.172
59080,-10.082,4.974,0.22,59080,0.818,-1.21,2.23
59090,-10.768,5.398,0.134,59090,0.73,-1.28,2.274
59100,-11.314,5.566,0.414,59100,0.654,-1.344,2.28
59110,-11.512,5.612,0.578,59110,0.648,-1.44,2.278
59120,-11.394,5.56,0.656,59120,0.686,-1.562,2.298
59130,-11.264,5.534,0.842,59130,0.724,-1.638,2.382
59140,-11.18,5.316,0.702,59140,0.796,-1.702,2.492
59150,-11.364,4.95,0.658,59150,0.826,-1.776,2.554
59160,-11.504,4.824,1.102,59160,0.786,-1.806,2.592
59170,-11.37,5.1,1.402,59170,0.72,-1.796,2.66
59180,-11.138,5.442,1.874,59180,0.61,-1.758,2.712
59190,-10.81,5.844,2.564,59190,0.464,-1.716,2.746
59200,-10.29,6.35,2.784,59200,0.35,-1.666,2.776
59210,-10.232,6.65,2.64,59210,0.256,-1.628,2.806
59220,-10.652,6.732,2.488,59220,0.104,-1.622,2.828
59230,-10.782,6.87,2.506,59230,-0.092,-1.644,2.816
59240,-10.672,7.002,2.694,59240,-0.254,-1.684,2.754
59250,-10.648,7.102,2.874,59250,-0.354,-1.73,2.678
59260,-10.714,7.492,3.028,59260,-0.426,-1.81,2.636
59270,-10.788,7.994,3.19,59270,-0.51,-1.886,2.638
59280,-10.744,8.204,3.38,59280,-0.614,-1.936,2.652
59290,-10.504,8.062,3.572,59290,-0.706,-1.984,2.648
59300,-10.276,7.868,3.9,59300,-0.784,-2.03,2.608
59310,-10.042,7.992,4.28,59310,-0.888,-2.074,2.57
59320,-9.898,8.49,4.404,59320,-0.984,-2.118,2.548
59330,-9.884,8.86,4.38,59330,-1.048,-2.16,2.548
59340,-9.726,9.072,4.366,59340,-1.094,-2.182,2.574
59350,-9.472,9.11,4.374,59350,-1.14,-2.184,2.59
59360,-9.082,8.862,4.224,59360,-1.214,-2.182,2.552
59370,-8.628,8.536,4.096,59370,-1.33,-2.18,2.49
59380,-8.356,8.536,4.144,59380,-1.454,-2.182,2.42
59390,-8.136,8.69,4.208,59390,-1.554,-2.188,2.328
59400,-7.792,8.914,4.078,59400,-1.626,-2.19,2.24
59410,-7.506,9.176,4.068,59410,-1.694,-2.182,2.164
59420,-7.354,9.254,4.206,59420,-1.734,-2.18,2.114
59430,-7.006,8.872,4.154,59430,-1.79,-2.186,2.056
59440,-6.642,8.366,4.316,59440,-1.862,-2.196,1.98
59450,-6.238,8.178,4.22,59450,-1.936,-2.198,1.892
59460,-5.718,8.248,4.05,59460,-2.032,-2.182,1.786
59470,-5.284,8.344,4.088,59470,-2.106,-2.172,1.688
59480,-4.914,8.4,4.17,59480,-2.14,-2.164,1.616
59490,-4.52,8.262,4.312,59490,-2.122,-2.156,1.552
59500,-4.09,7.914,4.364,59500,-2.056,-2.136,1.492
59510,-3.628,7.612,4.396,59510,-1.994,-2.1,1.422
59520,-3.208,7.36,4.308,59520,-1.964,-2.056,1.342
59530,-2.778,7.102,3.982,59530,-1.986,-2.004,1.256
59540,-2.382,6.818,3.926,59540,-2.068,-1.936,1.132
59550,-2.074,6.554,4.022,59550,-2.156,-1.894,0.974
59560,-1.764,6.414,4.098,59560,-2.154,-1.886,0.838
59570,-1.566,6.39,4.256,59570,-2.054,-1.87,0.75
59580,-1.43,6.268,4.338,59580,-1.888,-1.828,0.714
59590,-1.17,5.862,3.904,59590,-1.698,-1.782,0.728
59600,-0.826,5.22,3.484,59600,-1.552,-1.732,0.744
59610,-0.586,4.682,3.406,59610,-1.48,-1.69,0.722
59620,-0.39,4.244,3.53,59620,-1.438,-1.676,0.646
59630,-0.228,3.896,3.778,59630,-1.426,-1.644,0.56
59640,-0.128,3.798,3.936,59640,-1.464,-1.592,0.49
59650,0.002,4.04,3.688,59650,-1.524,-1.526,0.412
59660,0.298,4.35,3.544,59660,-1.554,-1.456,0.31
59670,0.706,4.448,3.592,59670,-1.53,-1.416,0.202
59680,1.044,4.198,3.67,59680,-1.426,-1.342,0.092
59690,1.29,3.908,3.888,59690,-1.102,-1.312,0.044
59700,1.584,3.708,3.886,59700,-0.844,-1.274,0.128
59710,2.048,3.356,3.778,59710,-0.848,-1.18,0.118
59720,2.416,2.886,3.494,59720,-0.816,-1.12,0.002
59730,3.05,1.988,3.566,59730,-0.746,-1.088,-0.054
59740,3.31,1.272,4.776,59740,-0.774,-1.04,-0.058
59750,3.09,1.704,4.918,59750,-0.922,-1.014,-0.086
59760,3.2,3.032,4.828,59760,-1.008,-0.922,-0.172
59770,3.534,4.26,5.232,59770,-1.032,-0.844,-0.228
59780,3.82,4.81,5.728,59780,-1.148,-0.818,-0.164
59790,4.02,4.81,5.976,59790,-1.218,-0.75,-0.176
59800,4.146,4.516,6.192,59800,-1.194,-0.702,-0.236
59810,4.738,3.594,6.768,59810,-1.142,-0.662,-0.206
59820,4.874,2.872,7.02,59820,-1.12,-0.654,-0.152
59830,4.616,2.94,7.058,59830,-1.116,-0.666,-0.116
59840,4.768,3.294,7.302,59840,-1.078,-0.66,-0.098
59850,4.76,3.59,7.632,59850,-1.016,-0.648,-0.07
59860,4.73,3.502,7.782,59860,-0.958,-0.616,-0.04
59870,4.814,3.25,7.726,59870,-0.944,-0.576,-0.014
59880,4.956,2.952,7.588,59880,-0.942,-0.568,0.012
59890,5.048,2.85,7.728,59890,-0.944,-0.596,0.052
59900,5.026,2.956,8.276,59900,-0.944,-0.622,0.088
59910,4.818,3.12,8.4,59910,-0.928,-0.626,0.118
59920,4.71,3.114,8.188,59920,-0.884,-0.614,0.168
59930,4.734,2.952,7.88,59930,-0.828,-0.568,0.216
59940,4.83,2.844,7.734,59940,-0.764,-0.496,0.24
59950,4.98,2.836,7.608,59950,-0.704,-0.444,0.218
59960,5.054,2.856,7.782,59960,-0.666,-0.464,0.224
59970,5,2.804,8.146,59970,-0.614,-0.452,0.268
59980,4.624,2.854,8.472,59980,-0.548,-0.42,0.316
59990,4.27,2.91,8.412,59990,-0.496,-0.37,0.356
60000,4.348,2.774,8.092,60000,-0.484,-0.286,0.36
60010,4.562,2.618,7.858,60010,-0.484,-0.174,0.352
60020,4.88,2.488,7.708,60020,-0.5,-0.078,0.326
60030,5.148,2.454,7.634,60030,-0.566,0.002,0.286
60040,5.268,2.48,7.672,60040,-0.674,0.052,0.248
60050,5.05,2.512,7.576,60050,-0.754,0.06,0.222
60060,4.672,2.608,7.618,60060,-0.77,0.094,0.218
60070,4.27,2.71,8.03,60070,-0.714,0.154,0.234
60080,3.948,2.594,7.928,60080,-0.586,0.2,0.262
60090,3.854,2.276,7.58,60090,-0.396,0.186,0.284
60100,3.766,1.898,7.742,60100,-0.18,0.174,0.34
60110,3.526,1.46,8.126,60110,-0.018,0.208,0.392
60120,3.176,1.1,8.074,60120,0.018,0.25,0.398
60130,3.062,0.95,7.76,60130,-0.066,0.278,0.37
60140,3.01,1.23,7.89,60140,-0.18,0.318,0.316
60150,2.85,1.674,8.356,60150,-0.264,0.378,0.27
60160,2.784,2.084,8.776,60160,-0.33,0.418,0.248
60170,2.766,2.296,8.692,60170,-0.4,0.37,0.202
60180,2.73,2.216,8.454,60180,-0.408,0.326,0.136
60190,2.552,2.01,8.866,60190,-0.354,0.32,0.088
60200,2.342,1.474,8.93,60200,-0.288,0.314,0.07
60210,2.356,0.954,8.68,60210,-0.23,0.278,0.052
60220,2.606,0.598,8.456,60220,-0.19,0.23,-0.008
60230,2.79,0.464,8.684,60230,-0.158,0.196,-0.072
60240,2.832,0.364,8.848,60240,-0.13,0.194,-0.122
60250,2.888,0.23,8.964,60250,-0.174,0.22,-0.206
60260,3.1,0.292,9.082,60260,-0.284,0.204,-0.3
60270,3.384,0.634,8.942,60270,-0.36,0.246,-0.34
60280,3.464,0.924,9.026,60280,-0.356,0.382,-0.34
60290,3.414,1.138,9.094,60290,-0.358,0.43,-0.366
60300,3.652,1.428,9.112,60300,-0.366,0.42,-0.396
60310,3.908,1.688,9.456,60310,-0.346,0.444,-0.4
60320,3.808,1.558,9.654,60320,-0.314,0.472,-0.394
60330,3.84,1.104,9.62,60330,-0.294,0.506,-0.41
60340,4.112,0.906,9.75,60340,-0.294,0.512,-0.46
60350,4.352,1.048,10.048,60350,-0.326,0.482,-0.51
60360,4.442,1.378,10.538,60360,-0.384,0.45,-0.546
60370,4.406,1.706,10.946,60370,-0.43,0.428,-0.57
60380,4.398,1.908,10.932,60380,-0.468,0.398,-0.604
60390,4.458,1.884,10.684,60390,-0.51,0.37,-0.656
60400,4.452,1.962,10.724,60400,-0.508,0.318,-0.718
60410,4.258,2.182,10.732,60410,-0.462,0.25,-0.748
60420,4.046,2.258,10.884,60420,-0.404,0.202,-0.742
60430,3.758,2.164,11.106,60430,-0.354,0.166,-0.732
60440,3.584,1.988,10.934,60440,-0.334,0.14,-0.746
60450,3.63,1.782,10.664,60450,-0.376,0.098,-0.806
60460,3.67,1.804,10.446,60460,-0.448,0.062,-0.874
60470,3.682,2.06,10.36,60470,-0.506,0.046,-0.922
60480,3.696,2.46,10.156,60480,-0.532,0.02,-0.95
60490,3.798,2.626,9.914,60490,-0.526,-0.024,-0.966
60500,3.934,2.548,9.754,60500,-0.496,-0.064,-0.972
60510,4.018,2.418,9.562,60510,-0.444,-0.142,-0.954
60520,4.076,2.224,9.282,60520,-0.382,-0.21,-0.876
60530,4.12,2.038,9.14,60530,-0.336,-0.246,-0.79
60540,4.076,2.024,8.982,60540,-0.336,-0.278,-0.722
60550,4.284,2.106,8.524,60550,-0.396,-0.312,-0.698
60560,4.476,2.266,8.278,60560,-0.498,-0.354,-0.694
60570,4.512,2.544,8.14,60570,-0.586,-0.38,-0.696
60580,4.44,2.838,7.898,60580,-0.638,-0.4,-0.702
60590,4.422,2.91,7.706,60590,-0.648,-0.424,-0.684
60600,4.508,2.73,7.624,60600,-0.62,-0.452,-0.64
60610,4.51,2.412,7.422,60610,-0.572,-0.466,-0.612
60620,4.456,2.126,7.264,60620,-0.516,-0.482,-0.584
60630,4.382,1.872,6.976,60630,-0.482,-0.518,-0.556
60640,4.314,1.742,6.666,60640,-0.5,-0.502,-0.568
60650,4.23,1.81,6.462,60650,-0.566,-0.496,-0.564
60660,4.236,1.644,6.1,60660,-0.564,-0.49,-0.53
60670,4.208,1.406,5.944,60670,-0.51,-0.438,-0.52
60680,4.036,1.798,6.17,60680,-0.482,-0.438,-0.524
60690,4.132,2.096,5.824,60690,-0.478,-0.452,-0.52
60700,4.186,1.984,5.888,60700,-0.47,-0.454,-0.532
60710,4.158,1.716,6.16,60710,-0.432,-0.476,-0.564
60720,4.204,1.496,6.488,60720,-0.376,-0.49,-0.554
60730,4.24,1.402,7.118,60730,-0.334,-0.476,-0.534
60740,4.11,1.422,7.412,60740,-0.364,-0.464,-0.55
60750,4.138,1.348,7.366,60750,-0.478,-0.436,-0.568
60760,4.192,1.332,7.738,60760,-0.61,-0.394,-0.574
60770,4.096,1.498,8.28,60770,-0.736,-0.338,-0.572
60780,4.238,1.672,8.85,60780,-0.852,-0.292,-0.566
60790,4.504,1.756,9.268,60790,-0.92,-0.274,-0.562
60800,4.778,1.75,9.484,60800,-0.926,-0.246,-0.552
60810,4.98,1.758,9.792,60810,-0.894,-0.238,-0.524
60820,5.176,1.71,9.982,60820,-0.832,-0.268,-0.468
60830,5.412,1.358,10.042,60830,-0.748,-0.288,-0.408
60840,5.546,0.964,10.098,60840,-0.692,-0.304,-0.352
60850,5.62,0.664,9.92,60850,-0.682,-0.328,-0.306
60860,5.708,0.598,9.714,60860,-0.708,-0.358,-0.284
60870,5.8,0.652,9.722,60870,-0.728,-0.394,-0.272
60880,5.886,0.69,9.73,60880,-0.732,-0.422,-0.26
60890,5.94,0.652,9.652,60890,-0.73,-0.462,-0.232
60900,5.978,0.684,9.324,60900,-0.72,-0.5,-0.186
60910,6.002,0.69,8.976,60910,-0.688,-0.528,-0.126
60920,5.972,0.61,8.678,60920,-0.622,-0.546,-0.05
60930,6.016,0.57,8.312,60930,-0.53,-0.56,0.016
60940,6.13,0.506,7.91,60940,-0.43,-0.568,0.07
60950,6.27,0.356,7.478,60950,-0.328,-0.564,0.12
60960,6.272,0.268,7.106,60960,-0.238,-0.556,0.17
60970,6.246,0.25,6.712,60970,-0.16,-0.544,0.216
60980,6.19,0.18,6.398,60980,-0.1,-0.53,0.256
60990,6.114,0.144,6.19,60990,-0.03,-0.502,0.296
61000,6.028,0.106,5.93,61000,0.05,-0.466,0.336
61010,5.962,0.026,5.772,61010,0.14,-0.408,0.372
61020,5.986,-0.106,5.788,61020,0.208,-0.336,0.382
61030,6.058,-0.288,5.818,61030,0.25,-0.268,0.384
61040,6.186,-0.39,5.85,61040,0.284,-0.176,0.394
61050,6.25,-0.482,5.924,61050,0.318,-0.086,0.398
61060,6.244,-0.526,5.98,61060,0.348,-0.012,0.392
61070,6.238,-0.54,6.178,61070,0.374,0.048,0.386
61080,6.148,-0.614,6.434,61080,0.408,0.098,0.376
61090,6.02,-0.76,6.644,61090,0.438,0.124,0.366
61100,5.986,-0.852,6.934,61100,0.466,0.126,0.356
61110,5.93,-0.91,7.214,61110,0.492,0.138,0.342
61120,5.898,-0.964,7.552,61120,0.51,0.162,0.32
61130,5.86,-0.942,7.874,61130,0.498,0.178,0.29
61140,5.846,-0.86,8.226,61140,0.462,0.17,0.25
61150,5.782,-0.772,8.576,61150,0.42,0.128,0.214
61160,5.608,-0.688,8.96,61160,0.388,0.094,0.198
61170,5.328,-0.682,9.364,61170,0.348,0.072,0.17
61180,5.032,-0.66,9.626,61180,0.284,0.01,0.112
61190,4.848,-0.654,9.732,61190,0.2,-0.058,0.046
61200,4.682,-0.594,9.884,61200,0.122,-0.124,0.014
61210,4.394,-0.52,9.848,61210,0.102,-0.192,0.014
61220,4.106,-0.416,9.652,61220,0.148,-0.246,0.038
61230,3.908,-0.342,9.372,61230,0.22,-0.282,0.042
61240,3.802,-0.422,8.734,61240,0.248,-0.314,-0.008
61250,3.832,-0.542,8.236,61250,0.22,-0.338,-0.102
61260,3.882,-0.76,8.138,61260,0.204,-0.324,-0.19
61270,3.884,-1.042,8.274,61270,0.24,-0.232,-0.274
61280,3.992,-1.29,8.39,61280,0.272,-0.118,-0.386
61290,4.372,-1.498,8.238,61290,0.272,-0.04,-0.502
61300,4.758,-1.686,8.064,61300,0.266,0.06,-0.622
61310,4.73,-1.612,7.956,61310,0.254,0.19,-0.742
61320,4.49,-1.388,7.698,61320,0.252,0.288,-0.834
61330,4.392,-1.058,7.598,61330,0.28,0.366,-0.91
61340,4.188,-0.648,7.792,61340,0.358,0.432,-0.99
61350,3.926,-0.37,7.722,61350,0.482,0.496,-1.038
61360,3.616,-0.166,7.514,61360,0.616,0.586,-1.068
61370,3.288,0.008,7.51,61370,0.714,0.682,-1.09
61380,3.122,0.088,7.638,61380,0.744,0.754,-1.1
61390,3.016,0.246,8.102,61390,0.724,0.814,-1.08
61400,2.854,0.634,8.596,61400,0.69,0.878,-1.002
61410,2.658,1.236,9.152,61410,0.62,0.92,-0.9
61420,2.442,1.772,9.616,61420,0.494,0.918,-0.82
61430,2.224,2.164,9.992,61430,0.266,0.878,-0.816
61440,1.952,2.438,10.338,61440,-0.074,0.764,-0.906
61450,1.776,2.612,10.51,61450,-0.418,0.614,-1.01
61460,1.718,2.78,11.06,61460,-0.662,0.452,-1.064
61470,1.754,3.064,11.57,61470,-0.774,0.258,-1.078
61480,2.31,3.062,11.776,61480,-0.744,0.04,-1.036
61490,3.18,2.806,11.83,61490,-0.554,-0.166,-0.922
61500,3.85,2.338,11.6,61500,-0.248,-0.312,-0.784
61510,4.32,1.862,11.226,61510,-0.01,-0.412,-0.662
61520,4.646,1.516,10.602,61520,0.026,-0.486,-0.594
61530,4.652,1.372,9.526,61530,-0.08,-0.528,-0.626
61540,4.358,1.636,8.63,61540,-0.2,-0.534,-0.722
61550,4.116,2.264,8.412,61550,-0.292,-0.502,-0.81
61560,4.23,2.958,8.352,61560,-0.344,-0.466,-0.85
61570,4.576,3.682,7.874,61570,-0.298,-0.43,-0.828
61580,4.874,4.18,7.342,61580,-0.196,-0.388,-0.75
61590,5.034,4.096,6.998,61590,-0.112,-0.35,-0.646
61600,5.122,3.818,6.732,61600,-0.066,-0.336,-0.56
61610,5.35,3.768,6.872,61610,-0.026,-0.344,-0.486
61620,5.778,3.86,7.276,61620,-0.004,-0.304,-0.442
61630,6.294,3.936,7.54,61630,-0.042,-0.276,-0.42
61640,6.89,3.978,7.424,61640,-0.088,-0.264,-0.398
61650,7.428,4.076,7.494,61650,-0.11,-0.25,-0.352
61660,7.792,4.166,7.824,61660,-0.12,-0.258,-0.29
61670,7.936,4.264,8.066,61670,-0.1,-0.284,-0.208
61680,8.062,4.418,8.342,61680,-0.05,-0.306,-0.094
61690,7.974,4.582,8.52,61690,0.004,-0.336,0.012
61700,7.788,4.78,8.558,61700,0.038,-0.372,0.108
61710,7.728,4.892,8.67,61710,0.02,-0.422,0.212
61720,7.576,4.88,8.8,61720,0,-0.508,0.316
61730,7.242,4.974,9.08,61730,0.006,-0.598,0.416
61740,6.936,5.164,9.324,61740,0.03,-0.684,0.516
61750,6.652,5.232,9.334,61750,0.058,-0.768,0.614
61760,6.512,5.138,9.05,61760,0.072,-0.85,0.71
61770,6.428,5.016,8.66,61770,0.054,-0.932,0.794
61780,6.216,4.902,8.32,61780,0.04,-1.002,0.854
61790,5.95,4.834,7.864,61790,0.042,-1.054,0.91
61800,5.774,4.762,7.502,61800,0.046,-1.088,0.97
61810,5.658,4.648,7.048,61810,0.03,-1.116,1.008
61820,5.53,4.438,6.568,61820,0.008,-1.14,1.018
61830,5.48,4.196,6.286,61830,0.008,-1.18,1.012
61840,5.502,3.878,6.008,61840,0.038,-1.23,1.022
61850,5.62,3.568,5.838,61850,0.112,-1.27,1.022
61860,5.778,3.314,5.496,61860,0.2,-1.33,1.018
61870,6.026,3.124,5.074,61870,0.276,-1.422,1.042
61880,6.312,3.014,4.714,61880,0.402,-1.506,1.084
61890,6.5,2.966,4.492,61890,0.556,-1.572,1.134
61900,6.804,2.618,4.372,61900,0.636,-1.662,1.17
61910,7.428,2.376,4.27,61910,0.632,-1.774,1.204
61920,8.066,2.63,4.312,61920,0.61,-1.864,1.252
61930,8.572,3.064,4.454,61930,0.66,-1.938,1.298
61940,9.118,3.424,4.702,61940,0.858,-2.04,1.396
61950,9.908,3.702,5.21,61950,1.152,-2.138,1.544
61960,10.418,3.678,5.526,61960,1.428,-2.244,1.71
61970,10.538,3.508,5.49,61970,1.604,-2.37,1.884
61980,10.764,3.58,5.262,61980,1.688,-2.472,2.068
61990,11.212,4.022,5.45,61990,1.64,-2.584,2.242
62000,11.576,4.544,5.622,62000,1.498,-2.704,2.346
62010,11.886,4.842,5.684,62010,1.368,-2.826,2.464
62020,12.318,5.1,6.124,62020,1.396,-2.954,2.628
62030,12.656,5.338,6.404,62030,1.574,-3.126,2.792
62040,13.006,4.996,6.398,62040,1.798,-3.342,2.932
62050,13.332,4.084,5.96,62050,2.014,-3.556,3.022
62060,13.354,3.098,5.134,62060,2.182,-3.742,3.114
62070,13.416,2.34,4.488,62070,2.29,-3.888,3.226
62080,13.53,2.032,3.756,62080,2.362,-4.024,3.306
62090,13.694,1.978,2.98,62090,2.458,-4.146,3.386
62100,14.006,1.788,2.156,62100,2.572,-4.23,3.512
62110,14.31,1.416,1.46,62110,2.69,-4.286,3.606
62120,14.71,1.148,0.558,62120,2.8,-4.308,3.624
62130,15.534,0.814,-0.084,62130,2.96,-4.36,3.656
62140,16.448,0.234,-0.864,62140,3.224,-4.422,3.716
62150,16.908,-0.444,-1.658,62150,3.464,-4.458,3.694
62160,16.976,-1.078,-2.504,62160,3.584,-4.52,3.54
62170,17.134,-1.592,-3.874,62170,3.668,-4.602,3.424
62180,17.298,-1.732,-5.03,62180,3.824,-4.594,3.358
62190,16.684,-1.41,-5.874,62190,4.064,-4.526,3.268
62200,16.022,-0.82,-6.82,62200,4.272,-4.512,3.19
62210,15.58,-0.338,-7.762,62210,4.38,-4.484,3.13
62220,14.692,0.204,-8.396,62220,4.432,-4.382,3.096
62230,13.576,0.662,-8.934,62230,4.472,-4.264,3.058
62240,12.92,0.712,-9.728,62240,4.514,-4.052,3.032
62250,12.914,0.87,-10.618,62250,4.524,-3.744,2.948
62260,12.882,1.6,-11.864,62260,4.364,-3.464,2.652
62270,12.694,2.516,-13.084,62270,4.112,-3.288,2.084
62280,12.17,2.826,-14.254,62280,3.944,-3.106,1.11
62290,10.676,2.068,-15.014,62290,3.556,-3.016,-0.644
62300,8.2,-0.23,-16.094,62300,2.664,-2.644,-3.19
62310,4.708,-4.106,-18.234,62310,2.784,-0.818,-6.514
62320,-1.246,-10.626,-22.614,62320,5.736,3.052,-9.448
62330,-4.716,-21.46,-27.264,62330,7.05,7.092,-10.642
62340,-1.104,-33.42,-31.64,62340,2.898,10.238,-10.6
62350,-2.194,-37.754,-39.214,62350,1.13,11.3,-11.228
62360,-15.568,-36.236,-39.214,62360,1.678,11.934,-12.396
62370,-30.256,-22.634,-36.924,62370,-0.068,13.43,-12.794
62380,-38.784,0.848,-32.712,62380,-1.912,14.64,-13.88
62390,-38.784,10.604,-23.164,62390,-3.626,15.476,-14.596
62400,-38.63,18.026,-4.568,62400,-6.222,16.942,-14.474
62410,-38.78,30.03,15.272,62410,-6.506,16.194,-14.36
62420,-38.784,34.78,30.482,62420,-8.346,5.698,-16.492
62430,-38.782,29.57,32.758,62430,-9.89,6.458,-10.308
62440,-32.654,9.712,1.028,62440,-1.644,12.912,-0.796
62450,-29.054,-18.85,-32.538,62450,4.146,13.61,0.234
62460,-27.038,-36.542,15.748,62460,3.786,8.902,-1.744
62470,5.224,-38.254,-14.656,62470,3.846,5.77,-2.324
62480,-16.866,-33.97,-24.248,62480,4.27,5.614,-1.454
62490,-34.87,-22.43,-13.396,62490,3.84,6.86,-0.952
62500,-38.784,-6.326,-0.342,62500,2.172,7.808,-0.606
62510,-28.942,-13.598,5.2,62510,0.336,6.038,-1.238
62520,-15.412,-16.982,6.694,62520,-1.064,4.022,-1.514
62530,-19.176,-1.58,11.152,62530,-1.78,3.154,-1.344
62540,-33.978,9.12,8.492,62540,-2.328,3.378,-0.958
62550,-38.784,13.36,10.226,62550,-2.352,3.45,-0.46
62560,-37.74,11.254,12.784,62560,-1.872,3.282,0.068
62570,-33.87,7.628,16.842,62570,-1.088,3.29,0.526
62580,-34.56,5.802,16.67,62580,-0.142,3.502,1.104
62590,-35.012,3.424,15.446,62590,0.802,3.548,1.654
62600,-32.818,0.884,16.94,62600,1.462,3.428,1.956
62610,-30.48,-1.188,19.368,62610,1.642,3.26,1.976
62620,-28.526,-1.514,19.59,62620,1.584,3.03,1.686
62630,-28.25,1.43,18.658,62630,1.474,2.844,1.236
62640,-28.652,5.658,16.492,62640,1.328,2.852,0.93
62650,-27.972,7.962,12.752,62650,1.17,2.798,0.886
62660,-26.034,8.404,9.84,62660,0.992,2.614,0.84
62670,-23.522,7.838,8.28,62670,0.85,2.338,0.704
62680,-21.074,6.912,7.084,62680,0.752,2.236,0.592
62690,-19.172,5.54,6.718,62690,0.65,2.234,0.482
62700,-17.616,4.574,6.318,62700,0.542,2.132,0.364
62710,-15.936,4.41,6.038,62710,0.548,2.032,0.338
62720,-13.768,3.734,5.014,62720,0.748,1.858,0.41
62730,-12.238,2.718,4.112,62730,1.012,1.636,0.55
62740,-11.752,2.228,4.02,62740,1.22,1.436,0.778
62750,-11.778,2.066,3.576,62750,1.302,1.226,1.002
62760,-12.09,2.138,3.696,62760,1.26,1.07,1.116
62770,-12.238,2.836,4.198,62770,1.162,0.978,1.104
62780,-12.042,3.962,4.956,62780,1.03,0.888,1.034
62790,-11.404,4.782,6.01,62790,0.866,0.8,0.934
62800,-10.59,5.306,6.948,62800,0.706,0.756,0.824
62810,-9.48,5.508,7.11,62810,0.56,0.732,0.72
62820,-8.618,5.492,7.068,62820,0.414,0.634,0.608
62830,-8.638,5.434,7.448,62830,0.266,0.464,0.492
62840,-9.064,5.152,7.308,62840,0.18,0.322,0.384
62850,-9.308,4.368,6.23,62850,0.248,0.198,0.282
62860,-9.404,3.302,5.502,62860,0.454,0.074,0.202
62870,-9.184,2.208,5.356,62870,0.674,0.002,0.15
62880,-8.33,1.234,4.906,62880,0.86,-0.064,0.14
62890,-7.272,0.532,4.188,62890,1.018,-0.14,0.192
62900,-6.53,0.424,3.84,62900,1.112,-0.214,0.29
62910,-6.324,0.672,3.378,62910,1.1,-0.334,0.39
62920,-6.668,1.138,2.77,62920,0.99,-0.494,0.446
62930,-7.448,1.826,1.986,62930,0.834,-0.67,0.482
62940,-8.298,2.32,0.694,62940,0.71,-0.846,0.544
62950,-8.982,2.542,-0.8,62950,0.632,-0.944,0.63
62960,-9.444,2.768,-2.03,62960,0.604,-0.99,0.718
62970,-9.862,2.88,-2.922,62970,0.692,-1.07,0.812
62980,-10.3,2.716,-3.236,62980,0.94,-1.164,0.992
62990,-10.694,2.23,-3.504,62990,1.33,-1.2,1.258
63000,-10.978,1.562,-4.324,63000,1.758,-1.168,1.556
63010,-11.256,1.114,-5.35,63010,2.15,-1.166,1.846
63020,-11.482,0.994,-6.278,63020,2.432,-1.164,2.1
63030,-11.274,1,-7.266,63030,2.486,-1.088,2.274
63040,-10.806,1.242,-8.008,63040,2.404,-1.05,2.35
63050,-10.382,2.12,-7.83,63050,2.292,-1.052,2.34
63060,-9.838,3.498,-6.934,63060,2.068,-1.026,2.228
63070,-9.436,4.824,-6.076,63070,1.796,-1.018,1.986
63080,-9.596,5.856,-5.494,63080,1.618,-1.214,1.738
63090,-10.546,6.792,-4.572,63090,1.502,-1.434,1.526
63100,-11.568,7.496,-4.234,63100,1.456,-1.59,1.294
63110,-12.01,7.884,-4.882,63110,1.382,-1.768,1.022
63120,-12.044,8.32,-4.91,63120,1.312,-1.91,0.674
63130,-11.654,9.368,-4.382,63130,1.172,-1.934,0.174
63140,-11.208,11.012,-3.51,63140,0.964,-1.96,-0.432
63150,-11.122,13.216,-2.074,63150,1,-2.106,-0.82
63160,-11.45,15.064,0.48,63160,1.286,-2.216,-0.916
63170,-11.76,15.712,2.852,63170,1.662,-2.202,-0.746
63180,-11.106,15.066,3.652,63180,1.824,-2.192,-0.422
63190,-10.126,13.896,4.462,63190,1.718,-2.198,-0.112
63200,-8.912,12.56,5.626,63200,1.662,-2.208,0.182
63210,-7.532,11.496,6.452,63210,1.36,-2.312,0.318
63220,-6.482,11.4,7.504,63220,0.3,-2.308,0.072
63230,-5.636,12.832,8.294,63230,-0.718,-2.246,-0.416
63240,-4.83,13.432,8.572,63240,-1.074,-2.372,-0.818
63250,-4.13,12.782,10.196,63250,-1.31,-2.482,-1.082
63260,-4.054,14.098,11.368,63260,-1.462,-2.636,-1.15
63270,-4.298,15.946,10.6,63270,-1.29,-2.828,-0.958
63280,-4.918,15.704,10.486,63280,-1.14,-2.778,-0.658
63290,-5.672,14.198,9.674,63290,-1.082,-2.632,-0.352
63300,-5.942,12.136,7.578,63300,-0.912,-2.508,-0.034
63310,-5.302,9.696,6.468,63310,-0.746,-2.406,0.16
63320,-4.122,7.776,5.54,63320,-0.878,-2.372,0.146
63330,-3.124,7.23,4.496,63330,-1.098,-2.444,0.038
63340,-2.8,7.552,4.166,63340,-1.16,-2.578,0.044
63350,-3.554,8.266,5.02,63350,-1.188,-2.708,0.192
63360,-4.64,8.978,5.11,63360,-1.242,-2.85,0.394
63370,-5.396,9.408,4.518,63370,-1.262,-2.986,0.552
63380,-5.83,9.51,4.366,63380,-1.296,-3.094,0.618
63390,-5.844,9.354,4.124,63390,-1.418,-3.194,0.58
63400,-5.76,9.23,3.808,63400,-1.538,-3.324,0.49
63410,-5.614,9.196,3.564,63410,-1.618,-3.482,0.386
63420,-5.582,9.166,3.512,63420,-1.706,-3.578,0.286
63430,-5.67,8.918,3.306,63430,-1.712,-3.626,0.244
63440,-5.822,8.22,3.148,63440,-1.572,-3.658,0.254
63450,-5.926,7.27,3.422,63450,-1.366,-3.65,0.29
63460,-5.752,6.362,3.35,63460,-1.22,-3.606,0.334
63470,-5.614,5.692,2.86,63470,-1.176,-3.558,0.346
63480,-5.7,5.232,2.65,63480,-1.178,-3.482,0.278
63490,-5.718,5.1,2.676,63490,-1.198,-3.396,0.14
63500,-5.516,5.292,2.774,63500,-1.208,-3.304,-0.05
63510,-5.344,5.49,3.102,63510,-1.184,-3.182,-0.252
63520,-5.148,5.314,3.304,63520,-1.116,-3.044,-0.408
63530,-4.98,4.804,3.304,63530,-1,-2.914,-0.492
63540,-4.84,4.21,3.284,63540,-0.87,-2.768,-0.534
63550,-4.478,3.796,3.094,63550,-0.782,-2.624,-0.552
63560,-3.92,3.598,2.852,63560,-0.77,-2.502,-0.566
63570,-3.44,3.474,3.038,63570,-0.824,-2.406,-0.614
63580,-2.952,3.39,3.378,63580,-0.886,-2.318,-0.702
63590,-2.606,3.436,3.646,63590,-0.908,-2.21,-0.826
63600,-2.474,3.532,3.95,63600,-0.886,-2.078,-0.986
63610,-2.484,3.716,4.148,63610,-0.86,-1.942,-1.16
63620,-2.538,4.072,4.294,63620,-0.84,-1.828,-1.31
63630,-2.64,4.398,4.538,63630,-0.796,-1.718,-1.4
63640,-2.674,4.428,5.02,63640,-0.782,-1.616,-1.428
63650,-2.468,4.3,5.222,63650,-0.884,-1.538,-1.47
63660,-2.042,4.208,5.168,63660,-1.076,-1.51,-1.57
63670,-1.704,4.288,5.226,63670,-1.244,-1.536,-1.72
63680,-1.562,4.75,5.494,63680,-1.272,-1.52,-1.896
63690,-1.57,5.584,5.728,63690,-1.108,-1.422,-1.986
63700,-1.512,6.382,5.764,63700,-0.874,-1.36,-1.982
63710,-1.136,6.81,5.91,63710,-0.67,-1.354,-1.94
63720,-0.29,6.884,6.112,63720,-0.548,-1.364,-1.922
63730,0.614,6.962,6.226,63730,-0.58,-1.306,-1.946
63740,1.362,7.212,6.316,63740,-0.72,-1.322,-2.012
63750,1.828,7.744,6.69,63750,-0.872,-1.322,-2.112
63760,2.224,8.614,7.018,63760,-0.91,-1.316,-2.174
63770,2.462,9.762,6.896,63770,-0.8,-1.286,-2.138
63780,2.522,10.914,6.76,63780,-0.654,-1.236,-2.058
63790,2.638,11.688,6.336,63790,-0.582,-1.214,-1.984
63800,2.942,12.038,5.844,63800,-0.564,-1.204,-1.934
63810,3.41,11.902,5.9,63810,-0.574,-1.254,-1.908
63820,3.924,11.554,6.308,63820,-0.656,-1.312,-1.904
63830,4.388,11.384,6.646,63830,-0.816,-1.266,-1.868
63840,4.7,11.364,6.694,63840,-0.916,-1.286,-1.782
63850,5.03,11.362,6.714,63850,-0.87,-1.266,-1.636
63860,5.518,11.356,6.86,63860,-0.724,-1.238,-1.42
63870,5.976,11.33,6.542,63870,-0.602,-1.25,-1.182
63880,6.562,11.028,6.148,63880,-0.502,-1.266,-0.956
63890,7.136,10.576,5.854,63890,-0.454,-1.286,-0.744
63900,7.414,10.288,5.782,63900,-0.496,-1.268,-0.542
63910,7.544,10.164,5.726,63910,-0.536,-1.274,-0.346
63920,7.502,9.986,5.898,63920,-0.562,-1.292,-0.16
63930,7.31,9.756,6.202,63930,-0.554,-1.318,0.004
63940,7.23,9.61,5.976,63940,-0.506,-1.34,0.142
63950,7.234,9.276,5.73,63950,-0.44,-1.352,0.266
63960,7.282,8.59,5.562,63960,-0.378,-1.376,0.408
63970,7.242,7.794,5.5,63970,-0.27,-1.39,0.572
63980,7.082,7.252,5.234,63980,-0.102,-1.368,0.728
63990,6.98,7.024,5.072,63990,0.046,-1.328,0.856
64000,6.99,6.86,4.818,64000,0.132,-1.306,0.95
64010,7.096,6.632,4.496,64010,0.168,-1.294,1.018
64020,7.11,6.446,4.476,64020,0.19,-1.27,1.09
64030,6.952,6.3,4.636,64030,0.214,-1.218,1.192
64040,6.752,6.234,4.63,64040,0.23,-1.174,1.298
64050,6.544,6.204,4.368,64050,0.264,-1.136,1.378
64060,6.494,6.442,4.252,64060,0.366,-1.08,1.478
64070,6.506,6.674,4.434,64070,0.518,-1.054,1.602
64080,6.472,6.576,4.522,64080,0.644,-1.074,1.7
64090,6.576,6.428,4.63,64090,0.702,-1.11,1.77
64100,6.606,6.324,4.714,64100,0.744,-1.15,1.806
64110,6.47,6.388,4.804,64110,0.754,-1.208,1.828
64120,6.422,6.422,5.144,64120,0.71,-1.304,1.82
64130,6.424,6.422,5.46,64130,0.642,-1.432,1.82
64140,6.3,6.418,5.818,64140,0.62,-1.508,1.854
64150,6.104,6.542,6.14,64150,0.648,-1.588,1.922
64160,6.088,6.814,6.238,64160,0.764,-1.678,2.038
64170,6.438,7.024,6.25,64170,0.926,-1.748,2.168
64180,6.936,7.04,6.36,64180,1.022,-1.828,2.264
64190,7.57,6.906,6.336,64190,1.058,-1.954,2.322
64200,8.2,6.78,6.366,64200,1.128,-2.098,2.346
64210,8.608,6.714,6.62,64210,1.112,-2.272,2.354
64220,8.936,6.766,6.934,64220,1.024,-2.504,2.384
64230,9.222,6.652,6.912,64230,0.998,-2.736,2.48
64240,9.602,6.334,7.228,64240,1.044,-2.898,2.606
64250,10.324,6.122,7.634,64250,1.166,-3.044,2.734
64260,11.524,6.118,7.68,64260,1.388,-3.2,2.91
64270,12.902,6.17,7.97,64270,1.648,-3.37,3.19
64280,13.788,6.262,8.232,64280,1.778,-3.606,3.504
64290,14.204,6.464,7.994,64290,1.67,-3.888,3.722
64300,14.438,6.612,7.508,64300,1.524,-4.042,3.858
64310,14.678,6.794,7.324,64310,1.41,-4.192,3.998
64320,14.966,6.838,7.22,64320,1.332,-4.362,4.126
64330,15.316,6.81,6.382,64330,1.496,-4.57,4.242
64340,15.96,6.694,5.546,64340,1.79,-4.784,4.358
64350,16.298,6.28,5.218,64350,2.078,-4.982,4.444
64360,16.016,5.29,3.686,64360,2.372,-5.164,4.508
64370,15.908,4.266,2.172,64370,2.668,-5.336,4.572
64380,16.014,3.55,1.152,64380,2.962,-5.5,4.57
64390,15.978,2.836,-0.22,64390,3.214,-5.598,4.508
64400,15.924,1.948,-1.488,64400,3.446,-5.602,4.438
64410,15.794,1.264,-2.802,64410,3.638,-5.554,4.304
64420,15.75,1.112,-3.976,64420,3.742,-5.478,4.104
64430,15.778,1.406,-5.236,64430,3.81,-5.426,3.906
64440,15.534,1.8,-6.774,64440,3.962,-5.372,3.674
64450,15.03,2.044,-8.24,64450,4.25,-5.344,3.46
64460,14.552,1.956,-9.396,64460,4.622,-5.264,3.272
64470,13.958,1.664,-10.49,64470,5.018,-5.084,3.086
64480,13.526,1.28,-11.79,64480,5.422,-4.88,2.934
64490,13.612,0.724,-13.084,64490,5.76,-4.564,2.808
64500,13.758,0.336,-14.486,64500,5.966,-4.066,2.66
64510,13.852,0.318,-15.79,64510,5.924,-3.726,2.186
64520,13.876,0.506,-16.294,64520,5.69,-3.55,1.232
64530,13.19,0.432,-16.43,64530,4.928,-3.47,-0.374
64540,9.916,-0.38,-17.08,64540,2.842,-2.952,-3.446
64550,4.574,-3.486,-19.13,64550,2.106,-1.324,-7.462
64560,1.384,-11.588,-22.208,64560,5.528,1.804,-10.012
64570,2.22,-25.906,-22.174,64570,6.65,4.844,-11.352
64580,4.678,-37.902,-20.028,64580,3.17,7.158,-11.912
64590,1.394,-39.226,-34.818,64590,2.226,8.886,-12.994
64600,-12.248,-36.876,-39.214,64600,0.594,10.936,-14.056
64610,-31.732,-20.672,-37.954,64610,-4.352,13.972,-14.906
64620,-38.784,-2.218,-38.65,64620,-6.876,16.92,-14.986
64630,-38.784,7.418,-30.282,64630,-8.732,19.228,-12.45
64640,-38.624,23.32,-2.866,64640,-11.158,19.43,-12.502
64650,-38.784,36.842,15.814,64650,-11.564,14.804,-14.994
64660,-38.784,38.49,29.35,64660,-11.162,10.862,-10.768
64670,-38.568,35.454,30.152,64670,-11.812,11.39,-7.97
64680,-28.924,7.782,-13.732,64680,-12.198,8.868,-7.43
64690,-14.098,-36.256,-39.214,64690,-12.21,6.078,-7.554
64700,-15.56,-39.226,-37.842,64700,-7.776,3.314,-6.04
64710,-20.898,-34.926,-38.784,64710,-3.084,4.236,-0.3
64720,-19.202,-34.202,-32.79,64720,2.75,10.96,5.852
64730,-24.148,-37.98,-26.54,64730,4.002,11.152,4.656
64740,-20.46,-39.226,-15.96,64740,2.58,9.522,1.16
64750,-17.406,-39.226,6.974,64750,0.362,9.976,0.014
64760,-18.668,-31.678,3.238,64760,-1.634,7.126,-0.748
64770,-22.736,-6.354,2.348,64770,-2.29,3.226,-1.038
64780,-29.434,9.742,12.99,64780,-2.502,1.954,-0.494
64790,-38.784,12.316,9.118,64790,-2.764,2.22,0.014
64800,-38.784,6.738,6.3,64800,-2.972,2.416,0.028
64810,-35.206,0.252,15.14,64810,-3.042,2.51,-0.026
64820,-26.21,-1.45,20.58,64820,-2.91,2.252,-0.216
64830,-21.782,-2.624,20.874,64830,-2.444,1.682,-0.614
64840,-20.716,-6.342,20.462,64840,-1.506,1.808,-0.184
64850,-19.63,-10.12,18.146,64850,-0.1,2.444,0.794
64860,-19.356,-12.978,16.734,64860,1.416,3.224,1.644
64870,-18.262,-15.99,17.97,64870,2.612,4.002,2.33
64880,-16.702,-17.986,17.22,64880,3.428,4.524,2.568
64890,-15.702,-17.328,15.614,64890,3.76,5.048,2.458
64900,-14.584,-14.54,13.652,64900,3.59,5.286,2.248
64910,-14.826,-9.588,11.82,64910,2.914,4.742,1.996
64920,-15.968,-4.588,10.348,64920,1.9,3.494,1.626
64930,-18.452,-0.188,8.358,64930,0.82,2.074,1.184
64940,-23.422,3.834,6.5,64940,0.01,0.7,0.814
64950,-30.322,7.156,5.498,64950,-0.06,0.018,0.55
64960,-33.268,8.492,3.234,64960,0.134,0.026,0.678
64970,-31.414,7.458,2.64,64970,0.67,0.732,1.138
64980,-27.07,4.066,5.584,64980,1.834,1.58,1.476
64990,-21.95,-0.548,9.148,64990,3.134,2.206,1.84
65000,-16.93,-4.856,10.71,65000,4.008,2.496,2.354
65010,-14.128,-6.762,9.288,65010,4.226,2.41,2.636
65020,-13.27,-6.672,6.432,65020,3.968,2,2.562
65030,-13.732,-4.92,4.858,65030,3.314,1.38,2.364
65040,-15.238,-1.224,4.078,65040,2.476,0.774,2.288
65050,-16.318,2.382,3.142,65050,1.788,0.304,2.292
65060,-16.124,4.898,2.73,65060,1.118,-0.428,2.83
65070,-14.934,6.312,3.604,65070,0.9,-1.472,3.794
65080,-13.872,7.12,5.058,65080,1.506,-2.516,4.842
65090,-11.032,6.274,5.55,65090,2.216,-3.08,5.626
65100,-8.618,4.638,4.968,65100,2.154,-3.062,5.838
65110,-8.086,3.518,4,65110,1.766,-2.642,5.394
65120,-8.19,3.326,4.036,65120,1.812,-2.096,4.424
65130,-8.302,4.548,6.668,65130,2.084,-1.176,3.266
65140,-7.934,6.528,8.442,65140,2.206,-0.132,2.114
65150,-7.588,8.06,7.248,65150,2.166,0.592,1.098
65160,-7.15,8.652,5.978,65160,1.894,0.936,0.448
65170,-6.956,8.764,5.636,65170,1.37,0.88,0.266
65180,-7.174,8.534,5.528,65180,0.81,0.502,0.536
65190,-7.404,7.892,5.618,65190,0.442,-0.176,0.992
65200,-7.524,7.154,5.742,65200,0.002,-0.918,1.466
65210,-7.452,6.75,5.62,65210,-0.428,-1.56,2.004
65220,-7.318,6.69,4.86,65220,-0.546,-1.976,2.506
65230,-6.846,6.65,4.308,65230,-0.546,-2.098,2.836
65240,-6.202,6.424,4.138,65240,-0.496,-2.06,2.968
65250,-5.876,6.012,3.96,65250,-0.264,-1.948,2.842
65260,-6.052,5.508,4.336,65260,0.01,-1.762,2.494
65270,-6.602,5.39,4.7,65270,0.244,-1.548,2.092
65280,-7.362,5.54,4.736,65280,0.526,-1.392,1.794
65290,-7.914,5.56,4.69,65290,0.688,-1.374,1.64
65300,-8.104,5.484,4.628,65300,0.578,-1.44,1.632
65310,-8.014,5.738,4.338,65310,0.394,-1.59,1.72
65320,-7.786,6.204,4.172,65320,0.2,-1.796,1.81
65330,-7.52,6.702,4.332,65330,-0.024,-1.962,1.86
65340,-7.318,7.43,4.308,65340,-0.148,-2.006,1.87
65350,-7.244,8.228,4.176,65350,-0.03,-1.966,1.814
65360,-7.284,8.736,4.314,65360,0.136,-1.864,1.634
65370,-7.358,8.996,4.666,65370,0.21,-1.672,1.424
65380,-7.432,9.074,4.922,65380,0.364,-1.514,1.284
65390,-7.422,8.814,5.088,65390,0.472,-1.474,1.226
65400,-6.902,8.212,5.23,65400,0.376,-1.51,1.248
65410,-6.276,7.636,5.056,65410,0.354,-1.636,1.308
65420,-5.872,7.148,4.91,65420,0.36,-1.792,1.278
65430,-5.514,6.844,4.822,65430,0.142,-1.814,1.21
65440,-5.414,6.944,4.67,65440,-0.082,-1.828,1.066
65450,-5.366,7.43,4.43,65450,-0.318,-1.776,0.784
65460,-5.188,7.62,4.72,65460,-0.526,-1.728,0.398
65470,-5.31,7.732,4.914,65470,-0.542,-1.742,0.012
65480,-5.272,8.296,4.91,65480,-0.498,-1.684,-0.3
65490,-5.042,8.964,4.836,65490,-0.474,-1.604,-0.468
65500,-4.556,9.238,4.67,65500,-0.334,-1.542,-0.516
65510,-3.652,8.832,4.862,65510,-0.106,-1.448,-0.522
65520,-2.692,7.974,4.956,65520,0.092,-1.378,-0.506
65530,-1.818,7.208,4.836,65530,0.178,-1.378,-0.51
65540,-1.16,6.824,4.886,65540,0.186,-1.35,-0.53
65550,-0.614,6.834,5.078,65550,0.12,-1.366,-0.556
65560,-0.186,7.32,5.006,65560,0.028,-1.376,-0.604
65570,0.18,7.95,4.92,65570,-0.062,-1.344,-0.688
65580,0.498,8.276,5.008,65580,-0.124,-1.266,-0.77
65590,0.882,8.26,5.338,65590,-0.086,-1.108,-0.786
65600,1.38,8.028,5.554,65600,0.034,-0.922,-0.714
65610,1.93,7.616,5.49,65610,0.172,-0.736,-0.59
65620,2.516,7.218,5.518,65620,0.302,-0.588,-0.446
65630,2.958,7.026,5.736,65630,0.39,-0.53,-0.326
65640,3.146,7.164,6.08,65640,0.41,-0.548,-0.252
65650,2.972,7.47,6.272,65650,0.402,-0.622,-0.218
65660,2.436,7.764,6.324,65660,0.424,-0.712,-0.216
65670,1.79,8.062,6.55,65670,0.43,-0.776,-0.238
65680,1.236,8.378,6.952,65680,0.408,-0.796,-0.258
65690,0.828,8.614,7.248,65690,0.434,-0.826,-0.24
65700,0.65,8.62,7.17,65700,0.432,-0.864,-0.204
65710,0.658,8.372,6.86,65710,0.34,-0.888,-0.16
65720,0.742,8.18,6.622,65720,0.24,-0.93,-0.08
65730,0.876,8.218,6.652,65730,0.154,-0.98,0.036
65740,1.094,8.26,6.786,65740,0.06,-1.012,0.176
65750,1.27,8.248,6.812,65750,0.03,-1.052,0.312
65760,1.342,8.242,6.774,65760,0.088,-1.11,0.398
65770,1.27,8.134,6.724,65770,0.106,-1.146,0.42
65780,1.108,7.972,6.584,65780,0.02,-1.162,0.4
65790,0.83,7.904,6.312,65790,-0.128,-1.178,0.344
65800,0.61,7.912,6.136,65800,-0.368,-1.156,0.27
65810,0.56,7.888,6.142,65810,-0.624,-1.118,0.24
65820,0.628,8.008,6.196,65820,-0.75,-1.11,0.276
65830,0.84,8.326,6.408,65830,-0.744,-1.092,0.402
65840,1.108,8.516,6.428,65840,-0.668,-1.146,0.582
65850,1.224,8.432,6.012,65850,-0.516,-1.252,0.732
65860,1.16,8.15,5.888,65860,-0.408,-1.352,0.746
65870,0.776,7.962,6.142,65870,-0.442,-1.388,0.646
65880,0.28,8.056,6.456,65880,-0.528,-1.352,0.51
65890,-0.136,8.272,6.852,65890,-0.646,-1.278,0.38
65900,-0.218,8.534,7.166,65900,-0.842,-1.208,0.316
65910,-0.002,8.852,7.376,65910,-1.008,-1.196,0.354
65920,0.374,9.124,7.672,65920,-1.112,-1.268,0.434
65930,0.782,9.16,7.976,65930,-1.246,-1.374,0.47
65940,1.08,8.816,8.178,65940,-1.364,-1.462,0.48
65950,1.172,8.28,8.368,65950,-1.42,-1.538,0.494
65960,1.186,7.786,8.636,65960,-1.49,-1.568,0.486
65970,1.226,7.296,8.97,65970,-1.608,-1.59,0.428
65980,1.272,6.882,9.128,65980,-1.718,-1.65,0.31
65990,1.306,6.55,9.25,65990,-1.8,-1.762,0.156
66000,1.238,6.214,9.128,66000,-1.858,-1.886,0.062
66010,1.08,5.844,8.574,66010,-1.868,-2.03,0.098
66020,0.908,5.466,7.896,66020,-1.848,-2.17,0.184
66030,0.854,5.164,7.356,66030,-1.852,-2.292,0.236
66040,0.814,4.806,6.978,66040,-1.912,-2.402,0.182
66050,0.606,4.522,6.688,66050,-2.058,-2.418,0.038
66060,0.25,4.458,6.572,66060,-2.248,-2.328,-0.128
66070,-0.142,4.628,6.55,66070,-2.348,-2.156,-0.278
66080,-0.276,4.824,6.578,66080,-2.308,-1.994,-0.392
66090,-0.138,4.718,6.548,66090,-2.114,-1.942,-0.46
66100,0.028,4.444,6.42,66100,-1.83,-2.01,-0.5
66110,0.02,4.338,5.844,66110,-1.662,-2.132,-0.54
66120,-0.216,4.212,5.238,66120,-1.67,-2.208,-0.642
66130,-0.724,4.274,5.116,66130,-1.758,-2.14,-0.866
66140,-1.09,4.774,5.578,66140,-1.922,-1.938,-1.15
66150,-1.192,5.656,6.33,66150,-2.178,-1.662,-1.402
66160,-0.992,6.672,7.19,66160,-2.402,-1.424,-1.492
66170,-0.476,7.604,7.874,66170,-2.48,-1.332,-1.444
66180,0.234,8.238,8.358,66180,-2.46,-1.326,-1.438
66190,1.03,8.708,8.44,66190,-2.296,-1.302,-1.524
66200,1.702,8.96,8.14,66200,-2.126,-1.26,-1.672
66210,2.11,8.896,7.776,66210,-2.184,-1.2,-1.8
66220,2.748,8.58,7.422,66220,-2.444,-1.2,-1.88
66230,3.766,8.362,7.512,66230,-2.816,-1.242,-1.796
66240,5.18,8.644,7.918,66240,-2.96,-1.45,-1.656
66250,6.532,9.514,8.018,66250,-2.732,-1.594,-1.594
66260,7.828,10.464,7.348,66260,-2.268,-1.678,-1.644
66270,9.166,10.818,6.158,66270,-1.71,-1.59,-1.768
66280,10.836,10.556,5.43,66280,-1.244,-1.298,-1.962
66290,12.22,10.118,4.79,66290,-0.798,-1.116,-1.986
66300,13.496,10.016,4.044,66300,-0.304,-1.126,-1.57
66310,14.58,11.174,3.602,66310,0.176,-1.344,-0.712
66320,15.444,12.914,3.356,66320,0.486,-1.634,0.212
66330,15.944,14.576,3.604,66330,0.522,-1.936,0.87
66340,16.172,15.658,4.144,66340,0.37,-2.238,1.384
66350,16.17,16.342,4.8,66350,0.07,-2.56,1.974
66360,15.796,17.06,5.212,66360,-0.236,-2.852,2.616
66370,15.452,17.474,5.314,66370,-0.506,-3.044,3.072
66380,15.104,17.538,5.438,66380,-0.892,-3.098,3.23
66390,14.202,17.346,5.012,66390,-1.026,-3.074,3.312
66400,13.016,17.018,3.884,66400,-0.706,-3.304,3.294
66410,12.004,16.57,2.766,66410,-0.312,-3.534,3.288
66420,11.46,15.898,1.6,66420,0.148,-3.71,3.276
66430,11.142,15.168,0.542,66430,0.59,-3.81,3.306
66440,11.254,13.282,0.174,66440,0.63,-3.702,3.354
66450,11.194,11.03,-0.632,66450,0.578,-3.454,3.206
66460,11.04,9.656,-1.756,66460,1.024,-3.356,3.156
66470,11.062,9.142,-2.296,66470,1.518,-3.274,3.38
66480,10.662,9.784,-3.058,66480,1.898,-3.104,3.604
66490,10.322,10.732,-4.702,66490,1.964,-2.98,3.668
66500,10.4,11.31,-5.734,66500,1.706,-2.884,3.762
66510,9.828,11.37,-5.856,66510,1.478,-2.99,3.93
66520,8.672,10.624,-5.824,66520,1.742,-3.076,4.068
66530,7.7,9.474,-5.308,66530,2.162,-2.904,3.944
66540,6.962,9.052,-5.596,66540,2.26,-2.782,3.692
66550,6.628,10.216,-6.85,66550,2.348,-2.708,3.52
66560,5.904,10.97,-7.708,66560,2.4,-2.506,3.412
66570,4.38,10.89,-8.172,66570,2.492,-2.26,3.244
66580,3.358,11.242,-8.358,66580,2.92,-2.194,3.07
66590,3.112,11.708,-8.456,66590,3.224,-1.912,2.906
66600,2.148,11.73,-9.694,66600,3.414,-1.522,2.794
66610,0.518,11.458,-11.388,66610,3.564,-1.292,2.712
66620,0.282,10.964,-11.13,66620,3.604,-0.976,2.578
66630,-0.262,9.87,-12.256,66630,3.522,-0.59,2.318
66640,-1.996,9.718,-14.328,66640,3.254,-0.03,1.862
66650,-3.25,9.638,-15.196,66650,2.992,0.676,1.132
66660,-3.848,9.268,-15.546,66660,2.622,1.414,0.082
66670,-4.546,8.002,-15.554,66670,1.652,2.632,-1.266
66680,-4.46,5.608,-16.64,66680,0.056,4.726,-2.638
66690,-3.894,1.428,-19.542,66690,-0.396,6.988,-3.508
66700,-1.466,-5.038,-21.614,66700,-0.024,9.238,-4.198
66710,3.518,-12.646,-22.19,66710,-0.642,10.462,-4.674
66720,3.678,-16.172,-24.224,66720,0.318,9.368,-3.348
66730,-1.738,-13.984,-27.578,66730,3.394,6.956,-2.554
66740,-21.104,-15.31,-25.732,66740,4.05,6.914,-2.51
66750,-32.496,-8.978,-17.414,66750,0.948,9.178,-5.336
66760,-38.784,-3.368,-1.88,66760,-1.572,9.734,-9.246
66770,-38.784,4.368,24.736,66770,-3.778,11.512,-9.286
66780,-38.642,22.638,39.226,66780,-3.436,10.788,-7.664
66790,-38.784,37.676,39.226,66790,0.248,3.878,-0.452
66800,-38.75,27.834,35.88,66800,2.662,4.738,11.986
66810,-29.114,3.032,7.052,66810,9.452,18.072,7.542
66820,-21.044,-22.536,-0.79,66820,12.128,15.998,-3.028
66830,13.346,-39.226,5.938,66830,-0.242,18.032,-3.658
66840,14.36,-36.542,5.284,66840,2.384,13.182,-3.208
66850,-15.026,-19.944,-27.306,66850,5.864,2.182,-7.7
66860,-3.456,-16.734,21.008,66860,-1.266,-1.254,-8.872
66870,-12.952,-14.3,6.712,66870,-2.664,-3.088,-7.394
66880,-38.784,-10.636,-16.446,66880,-4.594,-2.15,-2.658
66890,-25.362,-1.168,3.95,66890,-5.164,-1.848,-0.31
66900,-28.928,5.48,11.334,66900,-3.33,0.662,-0.84
66910,-37.1,5.772,21.39,66910,-3.284,1.514,0.324
66920,-25.848,-5.432,19.216,66920,-2.09,0.898,0.03
66930,-17.006,-4.854,25.894,66930,-1.53,0.618,0.352
66940,-8.64,-5.988,30.136,66940,-1.142,0.672,0.404
66950,-17.506,-5.06,24.76,66950,-0.872,0.858,0.434
66960,-17.728,-5.368,27.792,66960,-0.526,1.084,0.394
66970,-14.078,-3.662,27.802,66970,0.044,1.188,0.484
66980,-10.428,-2.286,26.534,66980,0.632,1.284,0.65
66990,-9.28,-1.406,24.556,66990,0.99,1.396,0.764
67000,-10,-2.522,22.638,67000,1.082,1.296,0.66
67010,-10.07,-3.574,21.198,67010,0.746,1.208,0.428
67020,-8.916,-2.942,21.194,67020,0.298,1.082,0.304
67030,-8.83,-1.118,20.67,67030,0.12,1.032,0.226
67040,-9.556,0.562,20.79,67040,0.204,1.162,0.24
67050,-9.65,1.446,20.07,67050,0.516,1.3,0.27
67060,-9.95,0.86,19.18,67060,0.874,1.436,0.398
67070,-9.476,-0.644,18.95,67070,1.094,1.404,0.59
67080,-8.71,-1.634,17.7,67080,1.146,1.208,0.568
67090,-8.696,-2.394,16.528,67090,1.116,1.134,0.402
67100,-9.208,-2.498,15.486,67100,1.182,1.1,0.264
67110,-10.806,-1.41,15.204,67110,1.312,1.048,0.142
67120,-11.204,-0.538,15.822,67120,1.632,1.08,-0.078
67130,-10.454,-0.64,15.82,67130,2.04,0.958,0.168
67140,-10.06,-1.082,15.944,67140,1.71,0.756,0.654
67150,-10.13,-1.108,16.582,67150,1.74,0.768,0.936
67160,-8.522,-2.054,14.408,67160,1.6,0.738,0.864
67170,-8.86,-2.284,15.856,67170,1.264,0.666,0.92
67180,-9.814,-0.652,14.078,67180,1.204,0.628,0.974
67190,-10.702,1.102,13.38,67190,1.18,0.586,0.996
67200,-10.318,1.358,13.476,67200,1.146,0.51,1.106
67210,-10.598,0.678,12.554,67210,1.114,0.414,1.234
67220,-11.07,0.234,12.092,67220,1.2,0.314,1.288
67230,-10.55,0.136,12.402,67230,1.28,0.19,1.322
67240,-9.802,0.512,12.838,67240,1.232,0.07,1.342
67250,-9.638,0.566,12.402,67250,1.074,-0.042,1.318
67260,-9.938,0.474,11.874,67260,0.742,-0.03,1.308
67270,-9.966,0.756,11.246,67270,0.11,0.1,1.408
67280,-9.72,1.072,10.342,67280,-0.242,0.172,1.428
67290,-9.188,1.228,9.598,67290,-0.208,0.198,1.394
67300,-8.098,2.044,9.85,67300,-0.21,0.248,1.436
67310,-7.53,2.822,9.986,67310,-0.176,0.3,1.428
67320,-7.476,2.264,9.854,67320,0.034,0.304,1.33
67330,-7.4,1.958,10.49,67330,0.208,0.272,1.234
67340,-7.414,2.31,10.888,67340,0.178,0.236,1.134
67350,-7.402,2.144,10.582,67350,0.052,0.252,0.988
67360,-7.352,1.812,9.96,67360,0.038,0.32,0.784
67370,-7.466,2.14,9.442,67370,0.21,0.372,0.616
67380,-7.294,3.016,8.894,67380,0.316,0.316,0.468
67390,-6.908,3.546,8.29,67390,0.308,0.234,0.438
67400,-6.26,3.144,7.784,67400,0.376,0.15,0.464
67410,-5.964,2.688,7.504,67410,0.452,0,0.416
67420,-5.742,2.754,7.332,67420,0.53,-0.156,0.272
67430,-5.672,3.348,7.176,67430,0.568,-0.318,0.148
67440,-6.142,3.64,7.208,67440,0.514,-0.47,0.096
67450,-6.486,3.406,6.93,67450,0.462,-0.536,0.034
67460,-6.38,3.25,6.7,67460,0.49,-0.584,-0.036
67470,-5.824,3.352,6.646,67470,0.556,-0.6,-0.022
67480,-5.132,3.458,6.42,67480,0.56,-0.58,0.004
67490,-4.548,3.548,6.156,67490,0.568,-0.622,0.05
67500,-4.014,3.44,6.06,67500,0.64,-0.78,0.148
67510,-3.706,3.216,6.028,67510,0.58,-0.898,0.2
67520,-3.57,3.362,6.432,67520,0.31,-1.024,0.156
67530,-3.886,3.436,6.62,67530,0.18,-1.176,0.152
67540,-4.476,3.518,6.938,67540,0.066,-1.348,0.224
67550,-4.378,4.24,8.256,67550,0.052,-1.48,0.124
67560,-3.404,4.802,8.936,67560,0.26,-1.64,-0.05
67570,-2.93,4.58,8.868,67570,0.354,-1.638,-0.058
67580,-3.162,4.442,8.892,67580,0.388,-1.674,-0.128
67590,-3.48,4.018,9.044,67590,0.388,-1.784,-0.194
67600,-2.898,3.418,9.428,67600,0.324,-1.958,-0.128
67610,-2.776,3.738,9.694,67610,0.252,-2.13,-0.178
67620,-3.076,3.706,9.756,67620,0.048,-2.26,-0.222
67630,-3.302,3.676,9.418,67630,-0.132,-2.34,-0.256
67640,-4.092,3.986,9.078,67640,-0.264,-2.334,-0.276
67650,-3.914,4.3,9.294,67650,-0.428,-2.302,-0.27
67660,-3.172,4.556,9.78,67660,-0.538,-2.24,-0.186
67670,-2.686,3.942,9.796,67670,-0.544,-2.242,-0.124
67680,-2.662,2.614,9.654,67680,-0.54,-2.268,-0.154
67690,-2.494,1.712,9.418,67690,-0.482,-2.336,-0.266
67700,-2.512,1.63,9.186,67700,-0.428,-2.4,-0.398
67710,-2.86,2.164,8.806,67710,-0.43,-2.448,-0.464
67720,-3.372,2.93,8.438,67720,-0.412,-2.484,-0.494
67730,-3.656,3.25,8.312,67730,-0.508,-2.512,-0.514
67740,-3.518,3.116,8.474,67740,-0.622,-2.536,-0.53
67750,-3.444,3.054,8.6,67750,-0.434,-2.548,-0.58
67760,-3.644,3.062,8.648,67760,0.036,-2.55,-0.726
67770,-3.822,3.074,8.426,67770,0.59,-2.582,-0.87
67780,-3.87,2.894,8.054,67780,0.542,-2.722,-1.006
67790,-3.952,2.454,7.554,67790,0.102,-2.878,-0.822
67800,-4.028,1.716,6.972,67800,-0.374,-3.01,-0.628
67810,-4.97,1.442,7.112,67810,-0.82,-3.056,-0.676
67820,-5.278,1.368,7.174,67820,-1.07,-3.024,-0.808
67830,-5.462,2.326,7.036,67830,-0.982,-2.95,-0.984
67840,-5.144,3.538,7.472,67840,-0.798,-2.908,-1.168
67850,-4.364,3.89,7.67,67850,-0.846,-2.908,-1.2
67860,-3.738,3.356,7.062,67860,-1.294,-2.898,-1.06
67870,-3.722,2.532,6.632,67870,-1.546,-2.894,-0.88
67880,-3.58,1.904,6.78,67880,-1.418,-2.866,-0.928
67890,-3.226,1.822,7.512,67890,-1.506,-2.848,-1.086
67900,-2.692,2.24,7.404,67900,-1.732,-2.806,-1.12
67910,-2.542,2.846,7.046,67910,-1.774,-2.74,-1.182
67920,-2.43,3.268,7.416,67920,-1.746,-2.648,-1.256
67930,-1.864,3.516,7.806,67930,-1.722,-2.51,-1.358
67940,-1.308,3.948,7.796,67940,-1.746,-2.412,-1.492
67950,-0.672,4.206,7.828,67950,-1.812,-2.356,-1.574
67960,-0.22,4.502,7.78,67960,-1.816,-2.318,-1.554
67970,0.082,4.81,7.524,67970,-1.782,-2.234,-1.608
67980,0.386,5.254,7.416,67980,-1.622,-2.14,-1.656
67990,1.008,5.704,7.386,67990,-1.492,-2.01,-1.628
68000,1.336,5.924,7.54,68000,-1.42,-1.932,-1.56
68010,1.574,5.522,7.446,68010,-1.33,-1.868,-1.542
68020,1.916,5.144,7.578,68020,-1.206,-1.822,-1.618
68030,2.08,5.23,7.738,68030,-1.246,-1.74,-1.652
68040,2.132,5.484,7.966,68040,-1.456,-1.65,-1.52
68050,2.316,5.574,8.258,68050,-1.552,-1.576,-1.514
68060,2.476,5.472,8.036,68060,-1.546,-1.422,-1.686
68070,2.646,5.42,8.478,68070,-1.586,-1.26,-1.884
68080,2.65,6.014,8.656,68080,-1.598,-1.104,-1.942
68090,2.772,6.528,8.452,68090,-1.524,-1.018,-1.932
68100,2.974,6.76,8.578,68100,-1.494,-0.922,-1.91
68110,3.82,6.682,8.546,68110,-1.444,-0.83,-1.836
68120,4.36,6.476,8.198,68120,-1.46,-0.852,-1.76
68130,4.622,6.214,8.07,68130,-1.51,-0.806,-1.694
68140,5.062,6.118,8.052,68140,-1.542,-0.788,-1.658
68150,5.516,6.04,7.992,68150,-1.55,-0.81,-1.662
68160,5.638,5.788,7.664,68160,-1.482,-0.818,-1.674
68170,5.742,5.644,7.35,68170,-1.322,-0.67,-1.16
68180,5.982,5.898,7.364,68180,-1.074,-0.624,-1.12
68190,6.054,6.006,7.046,68190,-0.858,-0.642,-1.062
68200,6.028,6.044,6.886,68200,-0.654,-0.708,-0.972
68210,5.918,6.086,6.38,68210,-0.514,-0.78,-0.812
68220,5.988,6.36,5.992,68220,-0.438,-0.852,-0.6
68230,6.092,6.844,5.746,68230,-0.462,-0.906,-0.394
68240,6.4,7.058,5.636,68240,-0.574,-0.89,-0.234
68250,6.646,7.2,5.76,68250,-0.646,-0.876,-0.122
68260,6.76,7.528,5.692,68260,-0.666,-0.852,-0.066
68270,6.942,7.874,5.376,68270,-1.322,-0.67,-1.16
68280,7.332,7.746,5.144,68280,-1.074,-0.624,-1.12
68290,7.666,7.198,4.862,68290,-0.858,-0.642,-1.062
68300,7.892,6.788,4.248,68300,-0.654,-0.708,-0.972
68310,8,6.66,3.838,68310,-0.514,-0.78,-0.812
68320,8.032,6.686,3.758,68320,-0.438,-0.852,-0.6
68330,8.154,6.74,3.682,68330,-0.462,-0.906,-0.394
68340,8.292,6.872,3.772,68340,-0.574,-0.89,-0.234
68350,8.406,7.17,4.04,68350,-0.646,-0.876,-0.122
68360,8.478,7.41,4.296,68360,-0.666,-0.852,-0.066
68370,8.644,7.61,4.672,68370,-0.616,-0.842,-0.084
68380,8.748,7.628,4.854,68380,-0.456,-0.842,-0.134
68390,8.752,7.464,4.88,68390,-0.22,-0.846,-0.142
68400,8.72,7.29,4.748,68400,-0.018,-0.924,-0.098
68410,8.778,7.15,4.438,68410,0.124,-1.002,0.014
68420,8.91,6.966,4.19,68420,0.312,-1.068,0.26
68430,8.808,6.62,3.924,68430,0.472,-1.12,0.596
68440,8.582,6.354,3.714,68440,0.46,-1.068,0.902
68450,8.576,6.374,3.638,68450,0.352,-1.022,1.118
68460,9.044,6.494,3.954,68460,0.268,-1.004,1.234
68470,9.514,6.584,4.696,68470,0.22,-0.972,1.264
68480,9.506,6.824,5.178,68480,0.23,-0.93,1.222
68490,9.384,7.046,5.164,68490,0.286,-0.902,1.11
68500,9.38,6.866,5.02,68500,0.342,-0.884,0.92
68510,9.488,6.27,4.972,68510,0.44,-0.976,0.652
68520,9.714,5.562,5.104,68520,0.67,-1.17,0.384
68530,9.828,4.92,5.31,68530,0.98,-1.436,0.102
68540,9.578,4.494,5.27,68540,1.254,-1.528,-0.504
68550,9.218,4.484,4.884,68550,1.87,-1.656,-1.368
68560,9.058,4.696,4.502,68560,2.684,-1.632,-2.054
68570,8.798,4.528,4.376,68570,3.314,-2.08,-1.398
68580,8.734,4.258,3.7,68580,3.082,-2.634,0.628
68590,10.022,4.914,3.948,68590,2.52,-2.946,1.972
68600,12.566,4.398,3.708,68600,2.472,-2.974,1.592
68610,15.702,4.054,4.79,68610,2.706,-3.122,1.278
68620,14.722,5.626,6.282,68620,2.782,-3.346,1.504
68630,10.462,7.448,5.212,68630,2.638,-3.48,1.578
68640,9.54,6.534,4.008,68640,2.598,-3.514,1.606
68650,10.614,4.702,3.95,68650,2.684,-3.442,1.724
68660,11.116,3.758,4.516,68660,2.772,-3.33,1.834
68670,11.858,3.25,4.254,68670,2.862,-3.326,1.884
68680,12.618,2.868,3.654,68680,2.932,-3.422,1.818
68690,12.812,2.762,3.386,68690,3.048,-3.49,1.776
68700,12.628,2.826,2.922,68700,3.16,-3.476,1.954
68710,12.372,3.038,2.242,68710,3.136,-3.46,1.998
68720,12.316,3.01,1.544,68720,3.08,-3.46,1.942
68730,12.884,2.792,0.92,68730,3.06,-3.462,1.904
68740,12.782,2.782,0.4,68740,3.106,-3.43,1.916
68750,12.568,2.486,-0.022,68750,3.22,-3.408,1.876
68760,12.37,2.134,-0.334,68760,3.262,-3.414,1.734
68770,12.114,1.782,-0.7,68770,3.324,-3.38,1.618
68780,11.716,1.47,-1.208,68780,3.45,-3.374,1.448
68790,11.108,1.35,-1.902,68790,3.422,-3.336,1.204
68800,10.666,1.512,-2.84,68800,3.394,-3.246,1.04
68810,10.19,2.106,-3.69,68810,3.524,-3.17,0.884
68820,9.754,2.466,-3.91,68820,3.66,-3.114,0.69
68830,9.464,2.096,-4.248,68830,3.752,-2.994,0.568
68840,8.91,1.858,-5.072,68840,3.814,-2.882,0.454
68850,8.456,2,-5.768,68850,3.768,-2.798,0.288
68860,8.42,2.25,-6.262,68860,3.614,-2.738,0.114
68870,8.346,2.55,-6.7,68870,3.542,-2.608,0.122
68880,8.014,2.788,-7.29,68880,3.612,-2.486,0.144
68890,7.518,2.82,-8.348,68890,3.744,-2.294,0.084
68900,7.314,2.838,-9.426,68900,3.824,-2.026,0.004
68910,7.098,3.116,-10.634,68910,3.774,-1.648,-0.122
68920,6.894,3.082,-11.448,68920,3.68,-1.244,-0.282
68930,6.858,2.554,-12.368,68930,3.542,-0.986,-0.546
68940,6.476,1.942,-13.836,68940,3.424,-0.826,-1.002
68950,5.782,1.402,-15.548,68950,3.144,-0.604,-1.616
68960,4.902,1.05,-17.362,68960,2.108,-0.002,-2.378
68970,4.228,0.43,-19.032,68970,1.016,0.762,-3.372
68980,4.166,-1.64,-20.576,68980,0.416,2.44,-4.468
68990,4.65,-5.976,-22.234,68990,-1.04,4.938,-5.306
69000,4.762,-10.598,-25.782,69000,-2.408,9.26,-6.194
69010,4.676,-12.852,-30.888,69010,-2.176,14.312,-6.672
69020,4.922,-15.048,-34.604,69020,-2.2,13.382,-4.598
69030,4.992,-17.754,-38.23,69030,-3.59,13.294,-4.652
69040,-1.532,-19.804,-39.214,69040,-6.342,13.974,-6.32
69050,-32.664,-16.674,-39.11,69050,-10.126,12.028,-4.616
69060,-38.784,2.73,-23.958,69060,-10.12,6.482,-5.59
69070,-38.304,11.388,5.6,69070,-11.582,12.058,-10.218
69080,-38.686,5.002,32.366,69080,-9.88,13.184,-11.374
69090,-38.784,0.748,39.226,69090,-6.872,18.812,-3.03
69100,-38.778,4.832,37.818,69100,-6.988,17.314,-0.158
69110,-21.686,-2.66,-2.524,69110,-4.334,13.46,1.82
69120,19.574,-28.524,-24.492,69120,-3.194,8.266,-0.454
69130,-16.634,-39.226,5.138,69130,0.346,6.696,-0.188
69140,-6.774,-38.252,-34.936,69140,-0.724,10.606,0.676
69150,-26.63,-18.874,-17.546,69150,-1.86,10.454,0.848
69160,-9.804,-14.994,-17.394,69160,-3.454,7.02,-0.48
69170,-4.982,-17.446,9.882,69170,-3.756,3.094,-0.85
69180,-5.6,-20.546,-3.396,69180,-3.156,0.904,-0.248
69190,-28.854,-3.55,-1.6,69190,-1.722,1.91,0.588
69200,-38.784,-8.428,-0.572,69200,-0.946,2.336,0.924
69210,-38.53,-17.572,6.976,69210,-0.694,1.622,0.74
69220,-30.29,-18.944,18.898,69220,-0.558,0.878,0.97
69230,-25.314,-14.134,20.426,69230,-0.152,0.53,1.342
69240,-30.256,-9.21,18.932,69240,0.494,1.154,1.822
69250,-31.492,-10.636,19.28,69250,1.372,2.118,2.4
69260,-27.78,-13.474,20.334,69260,2.052,2.258,2.794
69270,-23.06,-15.2,24.08,69270,1.762,1.816,3.056
69280,-19.676,-15.352,26.668,69280,1.028,1.002,2.99
69290,-19.944,-13.034,24.372,69290,0.466,0.254,2.512
69300,-22.06,-8.856,23.848,69300,0.286,-0.07,1.924
69310,-22.762,-4.388,23.372,69310,0.05,-0.262,1.776
69320,-21.942,-1.714,23.12,69320,0.04,-0.272,1.868
69330,-20.292,-1.086,23.636,69330,0.388,-0.252,2.016
69340,-16.794,-1.968,23.34,69340,0.754,-0.344,2.274
69350,-14.436,-3.098,22.844,69350,0.964,-0.526,2.504
69360,-13.19,-3.4,21.056,69360,1.178,-0.626,2.584
69370,-12.086,-2.516,18.978,69370,1.49,-0.742,2.5
69380,-11.122,-0.994,17.924,69380,1.742,-0.954,2.384
69390,-10.02,0.674,18.008,69390,1.866,-1.128,2.264
69400,-8.746,2.092,17.918,69400,1.958,-1.184,2.096
69410,-7.994,2.786,17.388,69410,1.978,-1.21,1.942
69420,-7.708,3.076,17.432,69420,1.872,-1.284,1.798
69430,-6.838,3.27,17.504,69430,1.78,-1.358,1.632
69440,-5.376,3.328,17.174,69440,1.85,-1.462,1.416
69450,-4.54,3.386,16.35,69450,1.962,-1.336,1.244
69460,-4.096,3.316,15.61,69460,2.138,-1.246,1.082
69470,-3.48,2.612,14.218,69470,2.5,-1.284,0.792
69480,-2.404,1.496,13.266,69480,2.508,-1.404,0.832
69490,-1.494,0.626,13.276,69490,1.994,-1.612,1.164
69500,-1.232,1.708,12.268,69500,1.544,-1.816,1.278
69510,-0.238,2.574,10.916,69510,1.194,-1.914,1.274
69520,0.604,3.426,11.454,69520,1.144,-1.872,1.356
69530,0.464,4.632,11.414,69530,1.16,-1.892,1.398
69540,-0.19,4.424,10.486,69540,1.07,-1.888,1.568
69550,-0.882,2.748,9.79,69550,1.072,-1.872,1.808
69560,-1.376,0.99,9.384,69560,1.168,-1.978,1.93
69570,-1.102,0.216,8.996,69570,1.064,-2.074,1.866
69580,-1.142,0.482,8.22,69580,0.9,-2.122,1.732
69590,-1.604,1.318,8.308,69590,0.808,-2.23,1.546
69600,-2.08,2.532,8.708,69600,0.822,-2.358,1.344
69610,-2.918,3.31,8.236,69610,0.806,-2.49,1.27
69620,-3.984,3.368,7.744,69620,0.702,-2.672,1.338
69630,-4.446,2.86,7.584,69630,0.678,-2.878,1.356
69640,-4.582,2.122,7.388,69640,0.664,-2.852,1.218
69650,-5.158,1.778,6.89,69650,0.616,-2.564,1.016
69660,-6.202,2.228,6.738,69660,0.582,-2.262,0.822
69670,-6.814,3.148,7.546,69670,0.426,-1.982,0.756
69680,-6.626,3.584,8.398,69680,0.134,-1.882,0.76
69690,-6.368,3.334,8.492,69690,-0.024,-1.918,0.662
69700,-6.408,2.834,8.074,69700,-0.1,-1.97,0.484
69710,-7.22,2.67,7.654,69710,-0.15,-1.972,0.29
69720,-7.884,2.83,6.9,69720,-0.272,-1.91,0.152
69730,-7.888,3.16,6.25,69730,-0.438,-1.822,0.078
69740,-7.46,3.63,6.51,69740,-0.476,-1.76,-0.052
69750,-6.692,3.724,7.422,69750,-0.522,-1.728,-0.286
69760,-6.01,3.712,7.678,69760,-0.708,-1.652,-0.644
69770,-5.818,4.466,7.534,69770,-0.84,-1.55,-1.176
69780,-5.526,5.432,7.866,69780,-0.852,-1.448,-1.836
69790,-4.494,6.098,8.448,69790,-0.898,-1.288,-2.536
69800,-3.142,6.928,8.232,69800,-1.108,-1.078,-3.092
69810,-2.056,8.004,7.946,69810,-1.222,-0.826,-3.444
69820,-1.004,9.246,8.444,69820,-1.16,-0.362,-3.814
69830,0.474,10.512,9.328,69830,-1.072,-0.012,-4.07
69840,2.538,11.516,10.034,69840,-0.796,0.264,-4.064
69850,4.682,12.082,11.134,69850,-0.444,0.52,-3.88
69860,6.262,12.178,11.832,69860,-0.332,0.69,-3.558
69870,7.622,12.166,11.976,69870,-0.496,0.78,-2.964
69880,8.842,11.676,12.504,69880,-0.98,0.882,-2.02
69890,9.664,10.702,13.342,69890,-1.248,0.86,-1.162
69900,10.532,9.65,13.782,69900,-1.464,0.558,-0.892
69910,11.718,8.854,14.176,69910,-1.742,0.09,-1.262
69920,11.904,8.084,13.718,69920,-2.05,-0.64,-1.872
69930,10.704,6.888,13.148,69930,-2.21,-1.58,-2.25
69940,9.062,6.014,12.372,69940,-1.97,-2.588,-2.33
69950,7.502,5.48,10.902,69950,-1.59,-3.252,-2.118
69960,6.244,4.934,9.204,69960,-1.228,-3.298,-1.616
69970,5.74,5.174,6.904,69970,-0.768,-2.848,-1.086
69980,6.23,5.924,5.078,69980,-0.504,-2.284,-0.71
69990,7.452,6.208,5.146,69990,-0.83,-1.994,-0.482
70000,8.716,6.512,6.82,70000,-1.23,-1.98,-0.25
70010,8.898,6.89,8.814,70010,-1.426,-2.25,0.026
70020,6.986,6.812,9.342,70020,-1.678,-2.486,0.192
70030,4.166,6.518,8.428,70030,-1.896,-2.456,0.086
70040,2.078,6.538,7.33,70040,-1.892,-2.266,-0.24
70050,1.344,7.046,7.048,70050,-1.838,-2.002,-0.596
70060,1.568,7.51,7.2,70060,-1.896,-1.766,-0.858
70070,1.87,7.322,7.008,70070,-2.04,-1.65,-1.016
70080,1.95,6.516,6.866,70080,-2.148,-1.604,-1.098
70090,1.844,5.694,6.894,70090,-2.144,-1.594,-1.106
70100,1.766,5.176,6.872,70100,-2,-1.572,-1.028
70110,1.836,4.656,6.662,70110,-1.816,-1.518,-0.914
70120,2.104,4.06,6.498,70120,-1.72,-1.49,-0.822
70130,2.552,3.546,6.476,70130,-1.706,-1.488,-0.772
70140,2.914,3.216,6.474,70140,-1.79,-1.526,-0.748
70150,2.972,3.048,6.222,70150,-1.968,-1.572,-0.764
70160,2.778,3.154,5.892,70160,-2.138,-1.576,-0.808
70170,2.61,3.414,5.542,70170,-2.242,-1.542,-0.838
70180,2.638,3.596,5.496,70180,-2.25,-1.492,-0.82
70190,2.79,3.596,5.374,70190,-2.158,-1.44,-0.78
70200,3.028,3.422,5.1,70200,-1.998,-1.43,-0.736
70210,3.098,3.096,4.856,70210,-1.798,-1.454,-0.724
70220,2.83,2.794,4.698,70220,-1.602,-1.474,-0.778
70230,2.386,2.624,4.512,70230,-1.49,-1.44,-0.824
70240,1.998,2.632,4.204,70240,-1.482,-1.32,-0.772
70250,1.85,2.746,4.048,70250,-1.576,-1.12,-0.664
70260,2.06,2.96,4.356,70260,-1.832,-0.916,-0.6
70270,2.578,3.152,5.138,70270,-2.142,-0.732,-0.662
70280,2.974,3.416,6.062,70280,-2.328,-0.58,-0.892
70290,2.998,3.798,6.542,70290,-2.334,-0.434,-1.254
70300,2.728,4.166,6.488,70300,-2.196,-0.284,-1.62
70310,2.362,4.388,6.056,70310,-1.938,-0.15,-1.89
70320,2.32,4.496,5.82,70320,-1.64,-0.036,-2.066
70330,2.796,4.412,5.934,70330,-1.462,0.09,-2.164
70340,3.42,4.278,6.172,70340,-1.36,0.218,-2.078
70350,4.154,4.172,6.802,70350,-1.304,0.262,-1.848
70360,5.006,4.212,7.95,70360,-1.294,0.31,-1.62
70370,5.99,4.562,8.842,70370,-1.262,0.312,-1.442
70380,6.574,5.054,9.12,70380,-1.36,0.3,-1.49
70390,6.794,5.482,9.498,70390,-1.528,0.186,-1.748
70400,6.732,5.802,9.456,70400,-1.642,-0.024,-1.978
70410,6.482,6.344,9.498,70410,-1.612,-0.208,-1.976
70420,6.236,6.802,9.154,70420,-1.496,-0.316,-1.814
70430,6.208,6.906,8.612,70430,-1.404,-0.328,-1.716
70440,6.406,6.638,8.216,70440,-1.322,-0.268,-1.724
70450,6.828,6.246,8.01,70450,-1.272,-0.198,-1.726
70460,7.084,5.85,7.964,70460,-1.322,-0.166,-1.682
70470,7.112,5.444,7.78,70470,-1.372,-0.144,-1.624
70480,7.204,5.37,7.578,70480,-1.236,-0.096,-1.522
70490,7.426,5.528,7.42,70490,-1.064,-0.02,-1.436
70500,7.596,5.558,7.15,70500,-0.938,0.042,-1.39
70510,7.758,5.2,6.69,70510,-0.758,0.05,-1.346
70520,7.868,4.792,6.274,70520,-0.596,0.024,-1.288
70530,7.834,4.636,5.848,70530,-0.564,-0.03,-1.22
70540,7.91,4.61,5.464,70540,-0.546,-0.084,-1.152
70550,8.124,4.502,5.596,70550,-0.462,-0.116,-1.098
70560,8.22,4.478,5.88,70560,-0.416,-0.106,-1.072
70570,8.218,4.564,5.856,70570,-0.42,-0.056,-1.042
70580,8.3,4.418,5.602,70580,-0.384,0.008,-0.962
70590,8.552,4.22,5.424,70590,-0.302,0.062,-0.838
70600,8.892,4.198,5.286,70600,-0.224,0.102,-0.702
70610,9.312,4.252,5.208,70610,-0.17,0.108,-0.58
70620,9.634,4.17,5.248,70620,-0.1,0.076,-0.464
70630,9.868,4.09,5.36,70630,-0.01,0.044,-0.346
70640,10.004,4.186,5.524,70640,0.072,0.002,-0.228
70650,10.172,4.276,5.672,70650,0.172,-0.072,-0.118
70660,10.45,4.16,5.91,70660,0.268,-0.176,-0.038
70670,10.584,3.852,6.252,70670,0.318,-0.278,-0.072
70680,10.506,3.7,6.36,70680,0.45,-0.418,-0.248
70690,10.302,3.926,6.412,70690,0.614,-0.648,-0.37
70700,10.156,4.184,6.644,70700,0.744,-0.846,-0.24
70710,9.918,4.358,6.748,70710,0.904,-1.09,0.024
70720,9.676,4.908,6.984,70720,1.094,-1.25,0.22
70730,9.674,5.248,7.348,70730,1.236,-1.38,0.282
70740,9.736,5.514,7.168,70740,1.304,-1.492,0.28
70750,9.856,5.838,6.962,70750,1.358,-1.462,0.292
70760,9.98,6.148,7.04,70760,1.422,-1.396,0.318
70770,10.108,6.246,7.156,70770,1.45,-1.406,0.32
70780,10.416,6.442,7.302,70780,1.526,-1.562,0.418
70790,10.746,6.888,7.416,70790,1.756,-2.01,0.81
70800,10.948,7.55,7.594,70800,2.05,-2.594,1.442
70810,11.038,8.13,7.732,70810,2.294,-3.1,2.116
70820,11.278,8.33,6.994,70820,2.398,-3.134,2.254
70830,11.624,8.366,6.698,70830,2.556,-3.27,2.11
70840,11.802,8.032,7.098,70840,2.812,-3.532,2.128
70850,11.034,7.618,7.816,70850,2.842,-3.788,2.242
70860,10.03,7.368,7.186,70860,2.92,-3.98,2.156
70870,9.974,7.594,6.182,70870,3.46,-4.152,2.16
70880,10.196,8.474,6.316,70880,3.86,-4.148,2.372
70890,10.288,9.286,6.382,70890,3.776,-4.224,2.424
70900,10.706,9.45,5.492,70900,3.568,-4.386,2.39
70910,11.442,9.844,6.046,70910,3.48,-4.594,2.238
70920,11.162,9.72,6.778,70920,3.504,-4.892,2.022
70930,10.776,9.234,5.97,70930,3.754,-4.964,2.304
70940,10.804,8.706,4.186,70940,4.278,-5.03,2.328
70950,11.142,7.336,2.67,70950,4.714,-5.214,2.064
70960,13.172,6.172,1.95,70960,4.77,-5.316,1.91
70970,13.64,6.074,0.552,70970,4.706,-5.434,1.768
70980,13.536,5.872,-1.312,70980,4.766,-5.446,1.558
70990,14.262,5.26,-1.922,70990,4.964,-5.472,1.316
71000,14.742,4.668,-2.49,71000,5.086,-5.5,1.102
71010,14.824,4.414,-3.376,71010,5.202,-5.558,0.916
71020,14.718,4.384,-4.648,71020,5.322,-5.52,0.748
71030,14.588,4.522,-5.468,71030,5.398,-5.27,0.664
71040,14.202,4.914,-6.604,71040,5.596,-4.996,0.454
71050,13.35,5.496,-8.19,71050,5.67,-4.588,0.21
71060,12.224,5.794,-9.488,71060,5.564,-3.886,0.182
71070,10.328,6.182,-10.874,71070,5.124,-3.048,0.45
71080,8.246,6.412,-11.844,71080,4.2,-2.898,0.748
71090,6.326,6.134,-12.948,71090,3.384,-4.222,0.198
71100,3.252,5.738,-14.984,71100,3.004,-5.062,-2.378
71110,-3.294,3.166,-18.48,71110,2.76,-2.172,-5.77
71120,-15.754,2.692,-30.502,71120,4.634,2.178,-5.762
71130,-27.424,1.946,-39.214,71130,4.794,8.61,-5.684
71140,-16.414,1.902,-39.214,71140,0.954,12.718,-7.208
71150,-0.608,0.056,-39.02,71150,0.91,13.334,-5.376
71160,2.088,-0.102,-39.214,71160,2.736,14.552,-4.71
71170,-20.454,-10.506,-39.214,71170,1.16,15.81,-6.318
71180,-38.784,-19.116,-39.212,71180,-1.77,16.426,-3.86
71190,-38.784,-1.73,-35.13,71190,-1.498,17.462,-3.056
71200,-38.352,5.584,-11.158,71200,-5.244,24.492,-14.84
71210,-38.784,3.046,13.934,71210,-11.068,27.996,-24.954
71220,-38.784,-1.058,27.128,71220,-13.386,19.99,-13.422
71230,-38.774,24.872,39.226,71230,-17.366,7.8,-3.768
71240,-25.504,38.498,18.072,71240,-13.176,11.484,-5.678
71250,-23.654,-9.438,-25.714,71250,-8.56,18.384,-2.55
71260,-38.784,-39.226,-34.708,71260,-8.558,13.912,1.774
71270,-35.18,-19.512,-5.69,71270,-5.376,9.202,2.1
71280,-23.794,-31.704,-4.388,71280,-3.73,10.144,2.802
71290,-21.476,-39.226,-28.922,71290,-3.824,9.888,2.362
71300,-38.784,-38.952,-25.602,71300,-3.948,8.582,1.404
71310,-35.504,-34.032,-3.454,71310,-3.722,6.466,1.31
71320,-23.622,-26.696,-0.702,71320,-2.842,5.206,1.82
71330,-27.1,-15.17,-1.816,71330,-2.36,4.578,2.23
71340,-36.248,-16.454,-2.336,71340,-2.392,3.556,2.126
71350,-38.52,-20.314,2.548,71350,-2.472,1.966,1.754
71360,-35.71,-18.402,7.992,71360,-2.486,0.386,1.586
71370,-36.302,-12.67,10.598,71370,-2.192,-0.812,1.698
71380,-38.272,-10.308,11.396,71380,-1.562,-1.324,1.868
71390,-37.45,-12.562,12.99,71390,-1.084,-0.954,2.05
71400,-34.066,-15.086,14.892,71400,-0.166,-0.568,2.172
71410,-29.946,-17.554,17.086,71410,0.916,-0.058,2.656
71420,-25.172,-19.418,20.292,71420,1.372,0.184,3.428
71430,-21.006,-19.442,19.41,71430,1.764,-0.058,3.564
71440,-19.658,-19.96,18.2,71440,1.966,-0.256,3.396
71450,-19.186,-18.168,18.26,71450,1.756,-0.842,3.114
71460,-19.52,-13.396,15.846,71460,1.23,-1.634,2.86
71470,-19.628,-8.538,14.52,71470,0.926,-2.184,2.986
71480,-19.51,-4.586,13.082,71480,1.312,-2.624,2.628
71490,-20.002,-1.532,13.114,71490,2.144,-2.986,2.258
71500,-18.814,-0.174,14.14,71500,3.058,-2.794,2.664
71510,-18.468,-0.452,13.314,71510,3.528,-2.302,3.036
71520,-18.542,-1.926,12.792,71520,3.866,-2.144,3.13
71530,-14.824,-3.664,14.468,71530,4.088,-2.134,3.11
71540,-12.188,-3.488,17.084,71540,3.854,-2.1,2.916
71550,-11.622,-1.32,16.826,71550,3.378,-2.18,2.602
71560,-11.21,1.546,16.156,71560,3.098,-2.302,2.266
71570,-11.218,3.822,16.95,71570,2.898,-2.394,1.964
71580,-11.27,5.296,16.834,71580,2.648,-2.44,1.816
71590,-10.732,5.796,15.612,71590,2.426,-2.488,1.778
71600,-9.932,5.138,14.76,71600,2.21,-2.532,1.744
71610,-8.842,3.968,14.308,71610,2.028,-2.536,1.66
71620,-7.67,3.088,13.318,71620,1.916,-2.562,1.576
71630,-6.756,2.78,12.522,71630,1.77,-2.626,1.536
71640,-5.892,2.766,12.048,71640,1.514,-2.652,1.53
71650,-4.98,2.59,11.32,71650,1.406,-2.682,1.49
71660,-4.452,2.084,10.432,71660,1.404,-2.742,1.424
71670,-4.326,1.72,10.464,71670,1.196,-2.778,1.516
71680,-3.992,1.928,10.606,71680,1.002,-2.832,1.7
71690,-3.456,2.168,10.114,71690,0.946,-2.96,1.7
71700,-3.472,2.03,10.204,71700,0.76,-3.19,1.594
71710,-4.294,2.038,10.612,71710,0.486,-3.34,1.494
71720,-5.256,2.746,9.992,71720,0.314,-3.428,1.226
71730,-5.772,3.754,9.364,71730,0.42,-3.434,0.852
71740,-5.826,4.788,9.718,71740,0.436,-3.482,0.778
71750,-5.384,5.984,10.29,71750,0.196,-3.544,0.93
71760,-4.55,6.846,10.196,71760,-0.038,-3.55,0.908
71770,-4.014,6.688,10.042,71770,-0.176,-3.528,0.836
71780,-4.194,6.444,10.702,71780,-0.204,-3.508,0.84
71790,-4.376,7.076,10.998,71790,-0.258,-3.49,0.85
71800,-3.542,7.884,10.578,71800,-0.288,-3.51,0.836
71810,-2.708,8.154,10.302,71810,-0.222,-3.416,0.658
71820,-2.384,7.644,10.136,71820,-0.298,-3.224,0.392
71830,-1.998,6.822,9.856,71830,-0.492,-3.08,0.168
71840,-1.598,6.366,9.534,71840,-0.656,-2.972,0.042
71850,-0.938,6.4,9.538,71850,-0.722,-2.942,0.018
71860,-0.18,6.65,9.366,71860,-0.744,-2.956,0.018
71870,0.614,6.822,8.932,71870,-0.856,-2.928,0.08
71880,1.248,6.506,8.632,71880,-1.026,-2.974,0.248
71890,1.438,5.854,8.53,71890,-1.138,-3.042,0.376
71900,1.592,4.992,8.29,71900,-1.236,-3.07,0.402
71910,1.69,4.67,7.846,71910,-1.408,-3.058,0.348
71920,1.774,5.358,7.434,71920,-1.592,-2.99,0.218
71930,1.828,6.31,7.176,71930,-1.644,-2.898,0.054
71940,1.83,6.494,6.854,71940,-1.544,-2.834,-0.018
71950,1.828,6.026,6.44,71950,-1.382,-2.826,0.07
71960,1.798,5.672,5.776,71960,-1.232,-2.874,0.176
71970,1.752,5.434,4.808,71970,-1.2,-2.846,0.112
71980,1.78,5.448,3.908,71980,-1.25,-2.744,-0.048
71990,1.822,5.878,3.32,71990,-1.284,-2.6,-0.12
72000,2.042,6.376,3.262,72000,-1.254,-2.448,-0.154
72010,2.264,6.284,3.412,72010,-1.162,-2.266,-0.23
72020,2.63,5.708,3.39,72020,-1.04,-2.134,-0.322
72030,2.952,5.17,3.014,72030,-0.932,-2.04,-0.372
72040,3.064,4.816,2.57,72040,-0.826,-1.952,-0.396
72050,3.014,4.56,2.234,72050,-0.806,-1.852,-0.442
72060,3.068,4.372,2.058,72060,-0.992,-1.654,-0.456
72070,3.26,4.144,2.012,72070,-1.204,-1.472,-0.4
72080,3.426,3.744,2.076,72080,-1.346,-1.438,-0.372
72090,3.726,3.48,2.102,72090,-1.522,-1.44,-0.414
72100,4.018,3.72,1.822,72100,-1.666,-1.44,-0.514
72110,4.034,4.156,1.598,72110,-1.65,-1.392,-0.604
72120,4.024,4.178,1.82,72120,-1.57,-1.224,-0.648
72130,4.14,3.968,1.854,72130,-1.536,-0.952,-0.716
72140,4.592,3.838,1.66,72140,-1.51,-0.592,-0.816
72150,5.324,3.59,1.862,72150,-1.338,-0.244,-0.964
72160,5.98,3.282,2.37,72160,-1.08,0.054,-1.144
72170,6.498,3.216,2.56,72170,-0.92,0.324,-1.322
72180,6.79,3.342,2.378,72180,-0.854,0.614,-1.438
72190,7.144,3.508,2.526,72190,-0.778,0.882,-1.444
72200,7.67,3.684,3.206,72200,-0.75,1.04,-1.366
72210,8.32,3.968,3.778,72210,-0.886,1.14,-1.23
72220,8.996,4.546,4.058,72220,-1.128,1.208,-1.04
72230,9.458,5.266,4.494,72230,-1.35,1.172,-0.866
72240,9.67,5.902,5.176,72240,-1.604,1.136,-0.744
72250,9.816,6.396,5.674,72250,-1.858,1.186,-0.692
72260,9.794,6.664,5.736,72260,-2.05,1.116,-0.79
72270,9.802,6.478,5.666,72270,-2.158,1.062,-1.146
72280,9.41,5.746,5.676,72280,-2.428,1.422,-1.96
72290,8.596,4.934,5.022,72290,-2.268,1.032,-3.504
72300,7.952,4.44,4.276,72300,-1.448,0.908,-5.846
72310,7.15,4.432,4.042,72310,-0.368,2.258,-7.75
72320,6.204,5.286,2.51,72320,0.45,2.246,-7.004
72330,9.158,8.634,3.568,72330,0.722,1.324,-4.2
72340,13.124,11.854,7.362,72340,0.816,0.94,-1.612
72350,14.414,12.692,7.358,72350,0.538,0.16,-0.356
72360,13.45,11.906,6.324,72360,-0.724,-0.322,-0.178
72370,11.852,10.962,6.764,72370,-2.072,-1.04,-0.786
72380,9.258,9.756,7.874,72380,-2.48,-1.716,-0.79
72390,7.454,9.058,11.078,72390,-2.008,-1.49,-0.218
72400,6.304,9.534,10.19,72400,-1.844,-1.23,-0.038
72410,7.354,9.73,6.416,72410,-1.97,-0.976,-0.196
72420,9.08,8.994,5.68,72420,-1.796,-0.836,-0.394
72430,8.698,8.256,5.88,72430,-1.582,-0.882,-0.426
72440,7.8,7.252,5.524,72440,-1.598,-0.97,-0.25
72450,6.89,6.134,4.362,72450,-1.622,-1.074,-0.02
72460,6.216,5.328,3.434,72460,-1.442,-1.172,0.106
72470,5.854,4.872,3.27,72470,-1.146,-1.172,0.108
72480,5.516,4.866,3.178,72480,-0.922,-1.09,0.048
72490,5.254,5.062,2.866,72490,-0.868,-0.986,-0.014
72500,5.23,5.17,2.732,72500,-0.91,-0.844,-0.034
72510,5.334,5.074,2.88,72510,-0.904,-0.774,0.01
72520,5.418,4.904,3.1,72520,-0.812,-0.796,0.048
72530,5.502,4.846,3.338,72530,-0.706,-0.844,-0.008
72540,5.578,4.932,3.186,72540,-0.67,-0.856,-0.084
72550,5.51,5.332,2.858,72550,-0.788,-0.872,-0.052
72560,5.462,5.764,2.922,72560,-0.996,-0.844,0.048
72570,5.57,6.13,3.388,72570,-1.118,-0.77,0.14
72580,6,6.35,3.954,72580,-1.066,-0.692,0.19
72590,6.426,6.432,4.634,72590,-0.874,-0.616,0.156
72600,6.568,6.318,5.126,72600,-0.68,-0.55,0.098
72610,6.508,6.14,5.274,72610,-0.606,-0.526,0.074
72620,6.442,5.952,5.51,72620,-0.614,-0.544,0.14
72630,6.554,5.654,5.842,72630,-0.622,-0.606,0.202
72640,6.8,5.462,6.14,72640,-0.608,-0.73,0.202
72650,7.132,5.348,6.276,72650,-0.604,-0.882,0.242
72660,7.318,5.54,6.256,72660,-0.6,-0.988,0.4
72670,7.406,6.044,6.15,72670,-0.594,-1.064,0.558
72680,7.674,6.252,6.212,72680,-0.526,-1.072,0.632
72690,8.17,5.962,6.656,72690,-0.392,-1.076,0.642
72700,8.392,5.454,6.906,72700,-0.304,-1.146,0.706
72710,8.396,4.994,7.09,72710,-0.262,-1.236,0.784
72720,8.222,4.674,7.1,72720,-0.306,-1.394,0.768
72730,8.236,4.658,6.566,72730,-0.46,-1.538,0.736
72740,8.462,4.998,5.76,72740,-0.654,-1.62,0.81
72750,8.514,5.642,5.03,72750,-0.728,-1.62,0.922
72760,8.626,6.304,4.574,72760,-0.564,-1.636,0.932
72770,9.076,6.464,4.336,72770,-0.296,-1.606,0.944
72780,9.456,6.21,4.084,72780,-0.094,-1.536,1.056
72790,9.434,5.766,3.646,72790,0.042,-1.53,1.116
72800,9.306,5.126,3.362,72800,0.164,-1.546,1.108
72810,9.354,4.398,3.378,72810,0.256,-1.596,1.096
72820,9.13,4.062,3.214,72820,0.362,-1.66,1.084
72830,8.854,4.4,2.908,72830,0.47,-1.722,1.024
72840,8.788,5.174,2.494,72840,0.584,-1.704,0.994
72850,8.912,5.934,2.244,72850,0.7,-1.732,1.006
72860,9.208,6.206,2.466,72860,0.83,-1.738,1.032
72870,9.582,6.13,2.912,72870,0.998,-1.736,1
72880,9.658,6.156,3.048,72880,1.12,-1.802,0.938
72890,9.654,5.992,3.458,72890,1.104,-1.9,0.942
72900,9.434,5.742,3.706,72900,1.17,-1.916,1.04
72910,9.026,5.85,3.65,72910,1.446,-1.962,1.1
72920,8.96,6.334,3.67,72920,1.71,-2.006,1.04
72930,9.152,6.864,3.712,72930,1.808,-2.064,1
72940,9.33,7.256,3.766,72940,1.748,-2.16,1.064
72950,9.47,7.458,4.154,72950,1.73,-2.312,1.082
72960,9.736,7.208,4.586,72960,1.804,-2.422,1.002
72970,10.166,6.848,4.726,72970,1.91,-2.482,1.04
72980,10.458,6.96,4.472,72980,2.074,-2.574,1.16
72990,10.386,7.246,4.162,72990,2.116,-2.724,1.232
73000,10.434,7.14,3.95,73000,2.128,-2.852,1.314
73010,10.286,6.888,3.514,73010,2.182,-2.986,1.414
73020,10.052,6.558,3.224,73020,2.278,-3.108,1.572
73030,10.202,6.056,2.98,73030,2.65,-3.224,1.788
73040,10.528,5.284,2.6,73040,3.062,-3.42,1.906
73050,10.988,4.546,1.924,73050,3.242,-3.526,2.046
73060,11.746,3.928,0.78,73060,3.236,-3.482,2.226
73070,12.54,3.256,-0.088,73070,3.262,-3.37,2.31
73080,13.712,2.224,-0.376,73080,3.362,-3.308,2.284
73090,14.514,1.304,-0.84,73090,3.352,-3.318,2.246
73100,14.012,0.706,-1.948,73100,3.248,-3.382,2.15
73110,12.598,0.338,-3,73110,3.154,-3.394,1.984
73120,11.128,-0.134,-3.768,73120,3.176,-3.326,1.812
73130,9.798,-0.662,-4.782,73130,3.332,-3.27,1.594
73140,8.904,-1.018,-5.632,73140,3.432,-3.132,1.4
73150,8.408,-1.096,-6.126,73150,3.53,-2.882,1.334
73160,7.84,-0.684,-7.048,73160,3.6,-2.636,1.336
73170,7.37,-0.276,-8.066,73170,3.66,-2.456,1.316
73180,6.862,0.046,-9.31,73180,3.636,-2.228,1.286
73190,5.908,0.772,-10.564,73190,3.512,-2,1.25
73200,4.552,1.586,-11.52,73200,3.424,-1.756,1.136
73210,3.228,1.926,-12.106,73210,3.33,-1.494,1.028
73220,2,1.85,-12.554,73220,3.42,-1.286,0.868
73230,0.404,1.97,-13.4,73230,3.68,-0.992,0.518
73240,-0.984,1.97,-14.462,73240,3.744,-0.616,-0.06
73250,-2.234,2.038,-15.652,73250,3.31,-0.352,-0.758
73260,-2.728,1.782,-16.6,73260,2.278,-0.018,-1.762
73270,-2.952,0.222,-17.796,73270,1.202,0.83,-3.098
73280,-3.498,-3.434,-19.268,73280,0.524,2.056,-4.506
73290,-2.922,-8.334,-20.892,73290,-0.622,3.498,-5.176
73300,-0.702,-13.182,-22.27,73300,-1.762,6.226,-6.26
73310,2.014,-17.34,-23.026,73310,-1.268,9.924,-7.588
73320,5.826,-19.01,-24.618,73320,-0.948,14.422,-8.332
73330,4.342,-14.846,-30.876,73330,-2.928,12.966,-4.63
73340,2.048,-15.58,-39.214,73340,-3.748,12.472,-1.462
73350,-2.602,-17.042,-39.214,73350,-2.254,9.354,1.49
73360,-32.31,-13.528,-35.764,73360,-0.466,11.048,2.554
73370,-38.784,7.016,-20.648,73370,0.374,13.772,-9.432
73380,-38.446,19.762,0.966,73380,-1.184,12.63,-18.192
73390,-38.614,18.762,35.814,73390,-9.312,10.998,-9.23
73400,-38.784,36.652,39.226,73400,-8.044,9.68,3.844
73410,-36.902,35.696,35.048,73410,8.704,17.018,3.312
73420,-15.196,-4.938,24.546,73420,-1.352,17.996,-2.914
73430,-3.268,-39.226,14.838,73430,-9.604,12.99,-7.36
73440,-5.068,-38.34,-32.33,73440,1.978,10.714,-9.442
73450,-9.318,-38.65,-10.236,73450,2.388,12.95,-7.36
73460,-10.564,-39.226,16.438,73460,-4.996,22.474,-1.252
73470,-21.018,-32.74,-13.422,73470,-5.36,16.066,2.514
73480,-18.312,-22.98,-3.848,73480,-2.64,2.646,-0.378
73490,-1.696,-18.276,5.104,73490,-2.952,-4.32,-2.256
73500,-22.186,-10.184,-1.85,73500,-2.948,-1.726,-1.936
73510,-38.784,-0.928,-27.748,73510,-2.33,1.502,-0.38
73520,-38.784,4.102,-11.278,73520,-1.816,1.316,0.058
73530,-36.748,-2.558,29.976,73530,-2.028,0.16,-0.31
73540,-30.226,-14.64,35.058,73540,-2.016,-0.712,-0.454
73550,-31.858,-16.424,25.648,73550,-1.472,-0.394,0.148
73560,-35.668,-13.004,23.406,73560,-0.206,0.372,0.93
73570,-32.966,-15.636,24.328,73570,1.522,0.68,1.544
73580,-23.398,-21.524,29.462,73580,2.098,0.194,1.83
73590,-17.034,-24.482,31.622,73590,1.564,-0.792,1.8
73600,-16.746,-23.326,29.002,73600,1.196,-1.71,1.486
73610,-20.464,-17.144,27.774,73610,0.828,-1.928,1.256
73620,-22.794,-8.604,27.238,73620,0.536,-1.678,1.296
73630,-21.44,-4.132,24.818,73630,0.608,-1.592,1.234
73640,-17.772,-4.108,24.532,73640,0.798,-1.782,1.104
73650,-13.834,-4.45,23.57,73650,1.092,-1.862,1.312
73660,-12.422,-4.11,20.346,73660,1.68,-2.056,1.434
73670,-13.064,-4.382,18.134,73670,1.988,-2.262,1.382
73680,-12.822,-4.228,17.606,73680,2.066,-2.2,1.47
73690,-11.244,-3.594,15.786,73690,2.366,-2.34,1.41
73700,-9.956,-3.006,15.156,73700,2.448,-2.286,1.312
73710,-8.666,-1.652,15.276,73710,2.276,-2.194,1.246
73720,-7.996,-0.51,13.24,73720,2.068,-2.164,1.092
73730,-7.258,0.264,12.748,73730,1.814,-2.192,0.94
73740,-6.986,1.226,12.278,73740,1.714,-2.024,0.756
73750,-6.93,2.112,11,73750,1.848,-1.984,0.536
73760,-7.01,2.944,10.448,73760,1.826,-2.014,0.24
73770,-6.674,3.258,9.894,73770,1.848,-1.968,0.252
73780,-5.93,2.158,8.372,73780,1.814,-2.116,0.428
73790,-6.082,1.508,7.952,73790,1.612,-2.18,0.568
73800,-5.302,1.33,7.3,73800,1.334,-2.26,0.662
73810,-4.256,1.418,6.232,73810,1.14,-2.258,0.63
73820,-3.684,2.474,5.67,73820,1.188,-2.184,0.562
73830,-3.918,3.676,4.996,73830,1.432,-2.014,0.536
73840,-4.506,4.014,4.938,73840,1.558,-1.846,0.604
73850,-4.838,3.36,4.552,73850,1.594,-1.666,0.724
73860,-4.632,2.066,3.834,73860,1.834,-1.608,0.54
73870,-4.482,0.9,3.876,73870,1.912,-1.358,0.478
73880,-4.178,0.794,4.254,73880,1.63,-1.324,0.674
73890,-4.494,1.828,4.06,73890,1.44,-1.272,0.616
73900,-4.12,2.268,2.684,73900,1.332,-1.124,0.526
73910,-4.368,2.06,2.956,73910,1.266,-0.964,0.494
73920,-4.928,2.624,3.478,73920,1.266,-0.728,0.358
73930,-4.584,2.984,2.952,73930,1.274,-0.446,0.144
73940,-4.52,3.114,2.794,73940,1.4,-0.126,-0.022
73950,-4.49,3.352,3.286,73950,1.522,0.11,-0.136
73960,-4.336,3.784,3.72,73960,1.536,0.398,-0.312
73970,-4.036,4.55,3.694,73970,1.812,0.762,-0.582
73980,-4.098,4.836,3.854,73980,2.556,1.02,-0.792
73990,-4.274,4.728,4.506,73990,3.614,1.198,-1.264
74000,-3.932,4.162,4.41,74000,3.674,1.144,-1.59
74010,-3.482,3.44,4.102,74010,2.872,1.112,-1.346
74020,-3.244,2.93,3.774,74020,2.33,1.012,-0.978
74030,-3.098,2.656,4.494,74030,1.938,0.726,-0.956
74040,-2.242,2.782,5.914,74040,1.348,0.438,-1.112
74050,-1.99,3.644,6.806,74050,0.882,0.188,-1.216
74060,-1.94,4.902,7.75,74060,0.598,-0.138,-1.326
74070,-1.186,5.782,9.216,74070,0.258,-0.578,-1.502
74080,-0.258,5.924,9.836,74080,-0.098,-1.11,-1.69
74090,0.088,5.546,9.556,74090,-0.29,-1.574,-1.784
74100,-0.344,5.132,9.522,74100,-0.366,-1.708,-1.698
74110,-1.072,4.944,10.296,74110,-0.232,-1.578,-1.53
74120,-1.012,5.396,11.742,74120,0.002,-1.414,-1.464
74130,0.62,6.412,13.524,74130,0.152,-1.242,-1.432
74140,2.502,7.228,14.918,74140,0.298,-1.094,-1.438
74150,3.074,7.592,15.64,74150,0.422,-1.056,-1.486
74160,2.942,7.698,15.586,74160,0.45,-1.078,-1.534
74170,2.592,7.996,14.932,74170,0.266,-1.142,-1.536
74180,2.352,8.268,14.28,74180,-0.02,-1.212,-1.492
74190,2.354,8.032,14.072,74190,-0.212,-1.274,-1.472
74200,2.504,7.438,14.05,74200,-0.316,-1.334,-1.512
74210,2.83,7.01,13.926,74210,-0.374,-1.438,-1.548
74220,2.998,6.788,13.476,74220,-0.364,-1.538,-1.522
74230,2.954,6.284,12.8,74230,-0.32,-1.642,-1.444
74240,2.676,5.42,11.758,74240,-0.352,-1.778,-1.306
74250,2.396,4.734,10.818,74250,-0.48,-1.944,-1.122
74260,2.362,4.352,10.332,74260,-0.556,-2.156,-0.874
74270,2.516,4.166,9.968,74270,-0.544,-2.418,-0.56
74280,2.474,4.112,9.378,74280,-0.548,-2.61,-0.258
74290,2.024,4.05,8.668,74290,-0.624,-2.692,-0.09
74300,1.466,4.172,8.11,74300,-0.774,-2.784,-0.076
74310,1.07,4.618,7.884,74310,-0.954,-2.888,-0.15
74320,0.39,5.168,7.856,74320,-1.1,-2.926,-0.214
74330,-0.484,5.574,7.77,74330,-1.114,-2.914,-0.286
74340,-1.062,5.97,7.672,74340,-1.04,-2.882,-0.452
74350,-1.24,6.094,7.572,74350,-0.954,-2.842,-0.578
74360,-1.496,5.876,7.418,74360,-0.882,-2.81,-0.534
74370,-1.594,5.436,7.36,74370,-0.818,-2.782,-0.422
74380,-1.34,4.804,7.586,74380,-0.784,-2.748,-0.396
74390,-1.098,4.312,7.842,74390,-0.742,-2.698,-0.44
74400,-1.176,4.046,8.036,74400,-0.702,-2.664,-0.48
74410,-1.414,3.914,8.204,74410,-0.778,-2.636,-0.508
74420,-1.57,3.826,8.102,74420,-0.908,-2.578,-0.586
74430,-1.584,3.714,7.698,74430,-1.026,-2.474,-0.76
74440,-1.41,3.528,7.472,74440,-1.14,-2.366,-0.948
74450,-1.118,3.474,7.124,74450,-1.21,-2.222,-1.062
74460,-0.994,3.532,6.626,74460,-1.148,-2.136,-1.122
74470,-0.684,3.486,6.356,74470,-1.004,-2.088,-1.112
74480,-0.02,3.408,6.372,74480,-0.902,-2.042,-0.988
74490,0.328,3.428,6.404,74490,-0.984,-2.008,-0.884
74500,0.304,3.622,6.45,74500,-1.284,-1.984,-0.87
74510,0.186,3.956,6.78,74510,-1.628,-1.934,-0.876
74520,0.038,4.486,7.534,74520,-1.962,-1.814,-1.024
74530,-0.204,5.346,8.25,74530,-2.164,-1.63,-1.274
74540,-0.156,6.24,8.4,74540,-2.02,-1.374,-1.51
74550,0.228,6.996,8.754,74550,-1.5,-1.096,-1.69
74560,1.012,6.98,8.974,74560,-1.034,-0.828,-1.834
74570,2.264,6.322,8.758,74570,-0.932,-0.694,-1.792
74580,3.366,5.836,8.102,74580,-0.99,-0.682,-1.686
74590,3.874,5.864,7.986,74590,-1.172,-1.012,-1.66
74600,3.936,6.35,8.074,74600,-1.618,-1.552,-1.568
74610,4.144,7.858,8.418,74610,-2.036,-2.034,-1.448
74620,3.9,9.78,9.048,74620,-2.126,-2.196,-1.324
74630,3.268,10.734,9.766,74630,-1.992,-1.936,-1.408
74640,2.966,11.066,9.666,74640,-1.954,-1.652,-1.708
74650,3.192,11.306,9.094,74650,-1.96,-1.55,-1.83
74660,3.488,11.23,8.884,74660,-1.866,-1.502,-1.756
74670,3.27,10.732,8.878,74670,-1.732,-1.392,-1.608
74680,3.99,9.784,8.358,74680,-1.526,-1.208,-1.468
74690,5.16,9.04,7.66,74690,-1.392,-1.012,-1.476
74700,5.746,8.344,7.246,74700,-1.328,-0.916,-1.488
74710,5.88,7.768,6.68,74710,-1.342,-0.958,-1.446
74720,5.402,7.558,6.356,74720,-1.45,-1.094,-1.348
74730,5.154,7.18,6.196,74730,-1.602,-1.232,-1.25
74740,5.33,6.872,5.994,74740,-1.652,-1.218,-1.184
74750,5.322,6.876,5.908,74750,-1.606,-1.068,-1.228
74760,4.984,7.144,5.66,74760,-1.572,-0.93,-1.35
74770,5.062,7.556,5.374,74770,-1.532,-0.878,-1.416
74780,5.412,7.654,5.28,74780,-1.424,-0.782,-1.354
74790,5.68,7.072,5.212,74790,-1.132,-0.582,-1.17
74800,6.28,6.524,4.764,74800,-0.934,-0.436,-1.124
74810,7.132,6.334,4.35,74810,-0.846,-0.372,-1.126
74820,7.734,6.228,4.046,74820,-0.864,-0.476,-1.034
74830,7.61,6.226,3.954,74830,-0.904,-0.664,-0.89
74840,7.266,6.392,4.048,74840,-1.028,-0.924,-0.764
74850,7.088,6.838,3.854,74850,-1.144,-1.162,-0.662
74860,7.204,7.31,3.816,74860,-1.04,-1.286,-0.534
74870,7.022,7.496,3.786,74870,-0.69,-1.23,-0.42
74880,6.906,7.362,3.664,74880,-0.328,-1.106,-0.426
74890,7.058,7.002,3.16,74890,-0.076,-1.064,-0.44
74900,7.246,6.68,2.718,74900,0.094,-1.092,-0.328
74910,7.054,6.398,2.86,74910,0.144,-1.122,-0.136
74920,6.954,6.03,3.04,74920,0.184,-1.106,0.066
74930,7.15,5.826,2.984,74930,0.282,-1.032,0.282
74940,7.24,5.924,3.028,74940,0.264,-0.9,0.272
74950,7.162,6.02,3.202,74950,0.294,-0.868,0.178
74960,7.312,5.864,3.33,74960,0.378,-0.904,0.144
74970,7.114,5.804,3.536,74970,0.452,-0.97,0.176
74980,6.698,5.742,3.348,74980,0.558,-1.076,0.226
74990,6.79,6.032,3.394,74990,0.698,-1.198,0.268
75000,7.288,6.298,3.568,75000,0.788,-1.28,0.3
75010,7.408,6.254,3.576,75010,0.904,-1.312,0.356
75020,7.194,5.948,3.598,75020,1.022,-1.288,0.41
75030,7.116,5.88,3.664,75030,1.21,-1.23,0.406
75040,7.374,6.082,3.82,75040,1.484,-1.214,0.376
75050,7.662,6.322,4.068,75050,1.768,-1.168,0.45
75060,7.866,6.574,4.284,75060,1.992,-1.05,0.664
75070,8.108,6.882,4.37,75070,2.008,-0.852,0.874
75080,8.546,7.32,4.526,75080,1.856,-0.696,1.152
75090,9.27,7.922,4.61,75090,1.552,-0.572,1.432
75100,9.964,8.772,5.242,75100,1.208,-0.556,1.632
75110,10.736,9.046,5.982,75110,0.95,-0.686,1.686
75120,11.602,9.018,6.694,75120,0.79,-0.996,1.538
75130,12.006,8.926,6.98,75130,0.748,-1.43,1.216
75140,11.84,8.784,6.962,75140,0.826,-1.994,0.872
75150,11.458,8.584,6.55,75150,1.066,-2.614,0.736
75160,11.048,8.648,5.79,75160,1.578,-2.854,0.954
75170,10.336,8.76,4.986,75170,2.104,-2.808,1.402
75180,10.268,8.732,3.992,75180,2.41,-2.786,1.84
75190,12.588,8.94,3.38,75190,2.648,-2.904,2.19
75200,14.576,8.656,3.418,75200,2.854,-3.308,2.318
75210,14.63,8.396,3.594,75210,3.108,-3.762,2.244
75220,13.36,8.27,3.598,75220,3.392,-4.258,2.232
75230,11.946,8.408,2.87,75230,3.396,-4.646,2.026
75240,11.49,8.448,1.818,75240,3.41,-4.62,1.268
75250,11.934,7.754,0.536,75250,3.922,-4.05,0.984
75260,12.516,7.166,0.204,75260,4.426,-4.072,1.046
75270,12.584,5.73,0.806,75270,4.694,-4.508,1.722
75280,13.81,5.876,0.306,75280,4.708,-4.864,2.522
75290,13.022,7.338,-1.526,75290,4.714,-5.076,2.558
75300,13.01,7.654,-3.182,75300,4.876,-5.142,2.184
75310,13.308,8.19,-3.556,75310,5.136,-5.288,1.984
75320,11.866,8.624,-4.07,75320,5.344,-5.356,1.76
75330,10.476,7.932,-5.408,75330,5.622,-5.352,1.526
75340,10.1,6.526,-7.484,75340,5.792,-5.27,1.31
75350,9.766,5.874,-9.08,75350,5.764,-5.08,1.136
75360,9.822,5.742,-10.478,75360,5.812,-4.84,0.938
75370,10.062,5.924,-11.676,75370,5.94,-4.498,0.642
75380,10.21,6.258,-13.028,75380,5.962,-4.016,0.404
75390,10.002,6.76,-14.994,75390,5.888,-3.37,0.184
75400,9.372,7.4,-16.524,75400,5.814,-2.638,0.024
75410,8.752,7.852,-17.508,75410,5.42,-1.76,0.062
75420,7.828,8.496,-18.396,75420,4.8,-1.284,0.304
75430,6.472,9.492,-19.78,75430,4.298,-1.446,0.302
75440,5.024,10.478,-20.934,75440,3.91,-2.764,-1.314
75450,2.544,10.854,-22.706,75450,2.992,-2.03,-5.35
75460,-3.186,11.894,-26.194,75460,2.998,1.296,-5.156
75470,-20.11,8.602,-32.644,75470,3.998,8.48,-4.65
75480,-24.506,3.378,-39.214,75480,4.964,12.15,-9.464
75490,2.414,-0.972,-39.214,75490,1.274,12.274,-7.85
75500,8.3,-2.302,-39.108,75500,0.9,14.384,-3.638
75510,-16.93,-11.152,-39.206,75510,1.396,16.836,-6.14
75520,-38.784,-30.23,-39.124,75520,-1.176,17.354,-5.192
75530,-38.594,-6.196,-30.214,75530,-2.81,19.676,-4.02
75540,-38.454,13.72,-9.786,75540,-5.654,25.224,-13.856
75550,-38.784,15.64,13.058,75550,-9.954,20.546,-23.752
75560,-38.784,11.982,38.808,75560,-15.338,10.828,-18.844
75570,-38.776,29.986,39.226,75570,-18.526,9.888,-6.98
75580,-36.066,33.074,18.778,75580,-14.692,15.218,-0.328
75590,-35.768,-5.818,-5.976,75590,-8.168,18.04,1.37
75600,-33.724,-39.226,-3.486,75600,-5.054,14.936,1.28
75610,-19.822,-39.226,-6.1,75610,-1.426,9.992,0.75
75620,-21.304,-38.644,-19.07,75620,1.294,10.322,1.746
75630,-31.914,-34.544,-25.574,75630,1.854,10.528,1.986
75640,-38.784,-37.948,-28.256,75640,1.306,9.05,1.454
75650,-36.992,-37.83,-5.8,75650,0.538,6.192,0.704
75660,-29.426,-30.036,2.408,75660,-0.062,2.932,-0.156
75670,-35.51,-13.606,4.456,75670,-0.274,1.262,-0.21
75680,-38.784,-1.752,4.004,75680,-0.516,0.826,0.484
75690,-38.784,0.76,5.466,75690,-0.452,0.498,1.09
75700,-38.648,-3.58,14.73,75700,-0.176,0.132,1.404
75710,-36.228,-8.61,23.736,75710,0.404,0.242,1.82
75720,-31.568,-9.288,26.744,75720,1.054,0.92,2.452
75730,-26.964,-9.116,28.348,75730,1.318,1.176,2.94
75740,-20.902,-11.206,31.22,75740,0.898,0.688,3.032
75750,-15.316,-12.18,33.716,75750,0.138,-0.034,2.74
75760,-12.36,-8.808,31.742,75760,-0.198,-0.542,2.514
75770,-14.91,-4.204,28.298,75770,-0.464,-0.71,2.49
75780,-20.156,-0.628,26.624,75780,-0.452,-0.702,2.578
75790,-20.14,0.498,24.196,75790,-0.17,-0.506,2.762
75800,-16.986,-0.704,23.648,75800,0.092,-0.362,2.922
75810,-15.276,-2.198,22.15,75810,0.054,-0.266,3.032
75820,-14.612,-2.462,20.964,75820,0.188,-0.314,3.098
75830,-13.35,-2.248,19.25,75830,0.398,-0.67,3.008
75840,-12.72,-1.806,19.676,75840,0.516,-0.9,2.99
75850,-12.338,-1.154,18.71,75850,0.65,-1.148,2.924
75860,-13.372,-0.742,16.812,75860,0.79,-1.292,2.736
75870,-14.246,0.054,17.23,75870,1.088,-1.28,2.58
75880,-13.58,1.352,16.614,75880,1.458,-1.268,2.45
75890,-13.138,2.536,16.26,75890,1.812,-1.14,2.406
75900,-12.884,3.094,15.32,75900,2.02,-1.074,2.32
75910,-12.906,3.486,13.702,75910,1.996,-1.02,2.184
75920,-12.372,3.858,12.406,75920,1.862,-1.018,2.026
75930,-11.594,4.33,11.834,75930,1.634,-1.174,1.766
75940,-11.29,4.834,12,75940,1.56,-1.232,1.51
75950,-10.026,4.768,11.194,75950,1.658,-1.198,1.31
75960,-9.018,4.01,10.744,75960,1.77,-1.182,1.19
75970,-7.704,2.936,10.688,75970,1.872,-1.21,1.19
75980,-6.298,1.742,10.704,75980,1.854,-1.304,1.344
75990,-5.018,0.988,10.878,75990,1.694,-1.512,1.572
76000,-3.938,0.844,11.006,76000,1.446,-1.78,1.732
76010,-3.356,0.722,10.92,76010,1.226,-1.964,1.788
76020,-3.246,0.578,10.464,76020,1.19,-1.944,1.708
76030,-3.588,0.622,9.798,76030,1.058,-1.962,1.6
76040,-3.812,0.712,9.3,76040,0.848,-2.118,1.514
76050,-3.882,0.602,8.724,76050,0.702,-2.182,1.346
76060,-3.848,0.55,8.584,76060,0.46,-2.224,1.3
76070,-3.978,0.632,7.746,76070,0.304,-2.284,1.296
76080,-4.666,0.656,6.814,76080,0.216,-2.288,1.25
76090,-5.044,0.714,6.656,76090,0.188,-2.266,1.214
76100,-5.004,0.648,6.044,76100,0.192,-2.264,1.162
76110,-5.044,0.638,5.708,76110,0.11,-2.196,1.054
76120,-5.218,0.814,5.36,76120,-0.066,-2.102,1.012
76130,-5.934,0.942,4.854,76130,-0.42,-2.136,1.032
76140,-6.594,1.376,5.048,76140,-0.736,-2.062,0.908
76150,-6.462,1.77,4.99,76150,-0.916,-1.914,0.588
76160,-6.904,2.42,4.764,76160,-1.076,-1.818,0.232
76170,-7.89,3.544,4.86,76170,-1.136,-1.786,-0.08
76180,-8.608,4.55,5.062,76180,-0.988,-1.78,-0.35
76190,-8.782,5.242,5.304,76190,-0.706,-1.75,-0.526
76200,-9.022,5.318,4.994,76200,-0.376,-1.682,-0.614
76210,-9.254,5.024,4.192,76210,-0.086,-1.538,-0.68
76220,-9.178,5.14,4.114,76220,0.05,-1.426,-0.798
76230,-8.526,5.674,4.722,76230,0.062,-1.326,-1.052
76240,-7.702,5.924,5.116,76240,0.052,-1.2,-1.266
76250,-7.288,5.982,5.5,76250,0.074,-1.152,-1.458
76260,-7.242,6.214,6.056,76260,0.126,-1.118,-1.61
76270,-6.424,6.362,6.28,76270,0.216,-1.066,-1.782
76280,-5.53,6.252,6.056,76280,0.258,-1.086,-1.94
76290,-4.962,6.028,5.95,76290,0.204,-1.218,-2.09
76300,-4.968,6.274,6.148,76300,0.232,-1.25,-2.296
76310,-4.556,7.13,6.238,76310,0.422,-1.05,-2.562
76320,-3.912,8.174,6.13,76320,0.608,-0.748,-2.884
76330,-3.198,9.196,6.724,76330,0.634,-0.51,-3.176
76340,-1.942,9.902,7.81,76340,0.546,-0.41,-3.202
76350,-0.148,9.982,8.602,76350,0.312,-0.43,-3.048
76360,0.988,10.036,9.264,76360,-0.118,-0.438,-2.776
76370,2.056,10.064,10.04,76370,-0.462,-0.652,-2.382
76380,3.158,9.568,10.78,76380,-0.572,-0.96,-1.988
76390,4.118,8.894,11.772,76390,-0.662,-1.234,-1.666
76400,4.488,8.658,12.234,76400,-0.68,-1.504,-1.444
76410,4.576,8.702,12.868,76410,-0.726,-1.686,-1.384
76420,4.504,8.584,14.002,76420,-0.9,-1.938,-1.374
76430,4.166,8.144,14.192,76430,-1.034,-2.144,-1.328
76440,3.572,7.688,14.26,76440,-1.212,-2.366,-1.28
76450,3.136,7.964,14.202,76450,-1.378,-2.51,-1.184
76460,3.336,8.698,13.998,76460,-1.406,-2.538,-1.048
76470,3.616,9.112,13.738,76470,-1.38,-2.542,-0.93
76480,3.866,8.69,13.442,76480,-1.3,-2.548,-0.79
76490,3.774,7.58,13.06,76490,-1.176,-2.64,-0.658
76500,3.022,6.28,12.492,76500,-1.022,-2.8,-0.632
76510,2.102,5.152,11.42,76510,-1.044,-2.932,-0.646
76520,1.062,4.846,10.254,76520,-1.164,-2.938,-0.682
76530,0.05,5.378,9.064,76530,-1.194,-2.884,-0.748
76540,-0.428,5.982,8.578,76540,-1.246,-2.942,-0.764
76550,-0.268,6.136,8.724,76550,-1.366,-3.036,-0.718
76560,0.028,5.892,8.53,76560,-1.47,-3.122,-0.682
76570,-0.126,5.218,7.986,76570,-1.536,-3.186,-0.64
76580,-0.436,4.642,7.576,76580,-1.622,-3.202,-0.604
76590,-0.854,4.766,7.066,76590,-1.778,-3.206,-0.58
76600,-1.038,4.962,6.616,76600,-1.976,-3.224,-0.556
76610,-1.028,4.866,6.838,76610,-1.964,-3.176,-0.76
76620,-0.798,4.962,7.03,76620,-1.718,-3.118,-1.37
76630,-0.588,5.392,6.714,76630,-1.736,-2.944,-1.008
76640,-0.696,5.992,6.866,76640,-2.13,-3.012,-0.282
76650,-0.848,6.37,6.828,76650,-1.886,-2.758,-0.35
76660,1.016,4.022,4.574,76660,-1.47,-2.566,-0.674
76670,0.8,2.116,6.022,76670,-1.618,-2.54,-0.774
76680,0.666,3.282,6.238,76680,-1.796,-2.444,-0.744
76690,1.428,4.63,4.674,76690,-1.91,-2.368,-0.846
76700,1.218,4.786,5.338,76700,-1.996,-2.198,-0.884
76710,1.432,4.332,4.91,76710,-1.904,-1.966,-0.82
76720,1.548,4.3,4.508,76720,-1.706,-1.778,-0.818
76730,2.08,4.324,4.866,76730,-1.596,-1.648,-0.83
76740,2.54,3.93,4.74,76740,-1.57,-1.538,-0.82
76750,2.348,3.282,4.422,76750,-1.516,-1.444,-0.786
76760,2.174,2.846,4.34,76760,-1.484,-1.364,-0.808
76770,2.23,3,4.298,76770,-1.504,-1.264,-0.87
76780,2.402,3.408,4.058,76780,-1.492,-1.178,-0.944
76790,2.594,3.644,3.93,76790,-1.416,-1.114,-1.074
76800,2.87,3.568,4.132,76800,-1.392,-1.036,-1.186
76810,2.926,3.192,4.14,76810,-1.418,-0.914,-1.216
76820,2.778,2.8,3.896,76820,-1.51,-0.718,-1.234
76830,2.934,2.604,3.962,76830,-1.742,-0.54,-1.25
76840,3.526,2.892,4.252,76840,-1.898,-0.394,-1.214
76850,4.288,3.38,4.744,76850,-1.934,-0.14,-1.28
76860,4.718,3.658,5.52,76860,-1.906,0.012,-1.414
76870,5.084,3.574,5.594,76870,-1.844,-0.03,-1.556
76880,5.244,3.368,5.636,76880,-1.648,0.03,-1.594
76890,5.892,4.022,5.968,76890,-1.596,0.154,-1.784
76900,6.338,5.352,5.416,76900,-1.59,0.212,-2.046
76910,6.842,5.566,4.67,76910,-1.58,0.24,-2.14
76920,7.176,6.47,5.308,76920,-1.51,0.288,-2.106
76930,7.496,7.47,5.734,76930,-1.314,0.354,-2.052
76940,8.436,7.212,5.974,76940,-1.096,0.428,-2.044
76950,9.44,6.594,6.262,76950,-0.936,0.394,-2.06
76960,10.204,6.302,6.102,76960,-0.914,0.288,-2.01
76970,10.416,6.596,6.004,76970,-0.998,0.184,-1.824
76980,10.24,7.19,5.856,76980,-1.082,0.02,-1.608
76990,10.15,7.884,5.642,76990,-1.186,-0.1,-1.464
77000,10.422,8.496,5.588,77000,-1.164,-0.172,-1.398
77010,10.626,9.154,5.746,77010,-0.972,-0.238,-1.366
77020,10.758,9.408,6.136,77020,-0.724,-0.276,-1.3
77030,10.92,9.11,6.032,77030,-0.474,-0.29,-1.156
77040,11.01,8.388,5.538,77040,-0.244,-0.308,-0.972
77050,11.02,7.714,5.05,77050,-0.124,-0.376,-0.804
77060,11.084,7.616,4.8,77060,-0.072,-0.462,-0.648
77070,11.138,7.88,4.77,77070,-0.06,-0.552,-0.452
77080,10.972,7.98,4.802,77080,-0.09,-0.672,-0.244
77090,10.582,7.936,4.52,77090,-0.182,-0.804,-0.094
77100,10.318,7.88,4.272,77100,-0.242,-0.92,0
77110,10.29,7.942,4.344,77110,-0.182,-0.958,0.124
77120,10.338,7.868,4.458,77120,-0.006,-1.02,0.222
77130,10.246,7.686,4.1,77130,0.184,-1.098,0.25
77140,10.016,7.354,3.19,77140,0.468,-1.132,0.288
77150,9.794,6.914,2.46,77150,0.826,-1.194,0.368
77160,9.574,6.336,2.102,77160,1.096,-1.22,0.476
77170,9.514,6.038,1.664,77170,1.224,-1.304,0.604
77180,9.47,6.11,1.134,77180,1.21,-1.366,0.758
77190,9.518,6.268,1.176,77190,1.23,-1.346,0.894
77200,9.604,6.584,1.478,77200,1.236,-1.324,0.952
77210,9.602,6.96,1.818,77210,1.228,-1.248,1.058
77220,9.45,7.386,1.928,77220,1.264,-1.182,1.25
77230,9.3,7.788,1.848,77230,1.412,-1.06,1.348
77240,9.58,7.88,2.04,77240,1.69,-0.906,1.286
77250,10.014,7.528,2.122,77250,2.016,-0.706,1.2
77260,10.234,7.052,2.32,77260,2.28,-0.534,1.176
77270,10.322,6.798,2.366,77270,2.394,-0.448,1.274
77280,10.524,6.64,2.244,77280,2.372,-0.396,1.498
77290,10.714,6.584,2.228,77290,2.288,-0.42,1.734
77300,11.044,6.872,2.372,77300,2.15,-0.474,1.9
77310,11.662,7.588,2.672,77310,1.986,-0.568,1.978
77320,12.07,8.23,2.876,77320,1.878,-0.728,1.992
77330,12.148,8.472,3.108,77330,1.886,-0.894,1.936
77340,11.866,8.362,3.124,77340,1.96,-1.05,1.828
77350,11.346,8.01,3.024,77350,2.002,-1.14,1.684
77360,10.894,7.636,2.916,77360,1.998,-1.118,1.526
77370,10.692,7.226,2.806,77370,1.754,-0.786,0.702
77380,10.476,6.718,2.578,77380,2.08,-1.452,-0.902
77390,9.736,6.49,2.078,77390,2.514,-1.666,-2.836
77400,7.676,5.904,1.466,77400,2.976,-1.324,-2.75
77410,5.634,4.594,-1.186,77410,4.198,-2.682,1.778
77420,8.196,7.43,-1.52,77420,4.206,-2.044,4.564
77430,16.484,11.764,-0.306,77430,3.84,-1.172,3.112
77440,26.812,12.492,-2.28,77440,3.856,-2.578,2.692
77450,25.26,15.724,1.284,77450,3.596,-3.724,2.606
77460,10.928,16.204,1.722,77460,3.24,-4.298,2.444
77470,6.882,10.38,-0.612,77470,3.652,-4.35,2.41
77480,6.632,8.036,-0.734,77480,4.518,-3.74,2.352
77490,7.912,7.878,-1.952,77490,5.088,-3.188,2.404
77500,10.658,8.77,-4.262,77500,5.322,-3.226,2.358
77510,12.734,10.138,-5.262,77510,5.336,-3.676,2.138
77520,12.71,10.57,-5.354,77520,5.356,-4.106,1.91
77530,10.218,10.374,-5.642,77530,5.574,-4.216,1.744
77540,7.562,10.23,-6.456,77540,6.074,-4.036,1.654
77550,6.828,10.396,-8.384,77550,6.616,-3.712,1.556
77560,7.686,10.898,-10.454,77560,6.688,-3.41,1.42
77570,8.824,11.276,-11.798,77570,6.496,-3.142,1.262
77580,9.222,11.14,-12.44,77580,6.664,-2.744,1.216
77590,8.664,10.472,-12.652,77590,6.794,-2.268,1.04
77600,7.698,10.276,-13.746,77600,6.704,-1.748,0.82
77610,7.224,10.214,-15.54,77610,6.344,-1.246,0.548
77620,6.454,10.264,-16.066,77620,5.7,-0.794,0.054
77630,5.596,10.028,-15.906,77630,4.742,-0.54,-0.834
77640,4.496,9.06,-15.996,77640,3.542,-0.62,-2.248
77650,2.77,7.016,-16.344,77650,1.466,0.098,-4.162
77660,0.834,3.334,-17.432,77660,-1.322,2.764,-5.672
77670,-1.084,-2.814,-19.65,77670,0.182,6.538,-6.046
77680,-0.774,-12.08,-21.778,77680,3.026,8.408,-8.414
77690,4.734,-20.934,-21.59,77690,-0.34,8.378,-10.546
77700,8.736,-20.562,-27.724,77700,-2.15,10.124,-8.818
77710,-4.854,-17.592,-38.764,77710,-2.898,12.536,-7.926
77720,-28.502,-27.836,-36.898,77720,-7.064,13.824,-5.51
77730,-38.784,-26.148,-19.33,77730,-8.716,12.998,0.616
77740,-38.784,-9.548,-5.598,77740,-8.494,13.154,0.456
77750,-38.582,3.084,8.426,77750,-7.408,18.508,-14.356
77760,-38.784,4.894,30.17,77760,-9.618,11.878,-15.904
77770,-38.784,15.77,39.226,77770,-15.484,12.584,-1.606
77780,-38.78,38.618,36.796,77780,-7.748,14.638,-0.168
77790,-31.524,26.674,33.338,77790,-4.65,18.082,-6.17
77800,5.352,-10.048,17.072,77800,-16.092,16.33,-9.118
77810,3.664,-13.214,-21.402,77810,-11.128,-2.874,-10.362
77820,-7.344,-27.152,-39.214,77820,-4.982,7.776,3.222
77830,-6.928,-39.226,-29.394,77830,-4.632,9.554,5.102
77840,-27.376,-32.1,-27.472,77840,-4.258,3.32,0.738
77850,-36.974,-35.624,7.306,77850,-1.272,2.632,-0.082
77860,-33.868,-37.87,8.71,77860,-0.856,2.48,1.148
77870,-28.162,-15.882,5.094,77870,-1.038,1.066,1.996
77880,-32.04,-6.732,12.98,77880,-0.144,0.714,2.43
77890,-35.796,-15.66,23.244,77890,1.472,1.038,2.368
77900,-31.262,-19.546,25.996,77900,2.92,1.414,2.39
77910,-22.386,-18.564,30.546,77910,3.248,1.33,2.65
77920,-15.772,-17.764,30.52,77920,2.754,0.834,2.718
77930,-12.546,-17.106,28.958,77930,2.308,0.29,2.696
77940,-12.714,-14.382,30.054,77940,1.988,0.102,2.516
77950,-13.192,-8.152,31.336,77950,1.834,0.142,2.174
77960,-11.092,-4.782,31.484,77960,2.008,0.35,2.092
77970,-8.008,-6.234,31.12,77970,1.906,0.568,1.93
77980,-6.08,-7.222,29.504,77980,1.522,0.566,1.672
77990,-4.414,-6.586,27.11,77990,1.05,0.386,1.592
78000,-4.94,-5.67,25.774,78000,0.73,-0.04,1.562
78010,-7.89,-4.154,23.74,78010,0.33,-0.192,1.522
78020,-9.95,-2.154,21.784,78020,0.226,-0.228,1.392
78030,-9.864,-0.572,19.538,78030,0.344,-0.392,1.274
78040,-7.86,-0.282,20.938,78040,0.544,-0.516,1.37
78050,-6.668,-0.276,20.722,78050,0.828,-0.732,1.482
78060,-8.406,-0.586,19.138,78060,1.176,-0.826,1.542
78070,-10.206,-1.066,18.856,78070,1.54,-0.858,1.572
78080,-10.358,-1.184,17.362,78080,1.796,-0.924,1.666
78090,-9.18,-0.672,16.7,78090,2.142,-1.128,1.834
78100,-8.01,0.172,15.694,78100,2.584,-1.464,1.994
78110,-7.518,1.114,14.68,78110,2.8,-1.752,2.238
78120,-7.726,1.456,12.862,78120,2.806,-1.898,2.562
78130,-8.462,1.194,11.024,78130,2.806,-2,2.708
78140,-8.43,1.224,10.462,78140,2.506,-2.086,2.762
78150,-7.336,1.976,10.438,78150,2.074,-2.208,2.714
78160,-6.67,3.258,9.742,78160,1.884,-2.39,2.55
78170,-6.702,4.258,9.416,78170,1.65,-2.466,2.468
78180,-6.854,5.352,9.172,78180,1.214,-2.47,2.388
78190,-6.736,6.22,7.98,78190,0.77,-2.498,2.18
78200,-6.052,5.998,7.762,78200,0.344,-2.484,1.932
78210,-4.752,5.532,8.396,78210,0.038,-2.338,1.986
78220,-3.538,5.612,7.9,78220,0.012,-2.318,1.886
78230,-3,6.02,7.59,78230,0.02,-2.236,1.774
78240,-2.574,5.758,6.586,78240,-0.106,-2.082,1.756
78250,-2.584,4.966,6.332,78250,-0.446,-1.656,1.928
78260,-1.774,4.414,6.506,78260,-0.684,-1.674,1.892
78270,-1.596,4.65,5.758,78270,-0.796,-1.692,1.748
78280,-1.558,5.038,6.08,78280,-0.776,-1.634,1.684
78290,-1.658,5.266,6.418,78290,-0.774,-1.63,1.368
78300,-1.5,5.418,5.812,78300,-0.704,-1.544,1.052
78310,-1.768,5.292,5.354,78310,-0.514,-1.39,0.762
78320,-2.33,5.096,4.896,78320,0.016,-1.22,0.528
78330,-1.826,4.856,4.282,78330,-0.072,-1.212,0.44
78340,-1.136,4.598,4.538,78340,-0.21,-1.118,0.402
78350,-0.592,3.338,3.536,78350,-0.202,-1.078,0.314
78360,-0.18,2.134,3.956,78360,-0.246,-1.144,0.12
78370,-0.52,2.076,3.84,78370,-0.304,-1.108,-0.022
78380,-0.694,3.872,4.052,78380,-0.408,-1.112,-0.112
78390,-0.904,4.522,4.616,78390,-0.474,-1.096,-0.238
78400,-1.134,4.554,4.65,78400,-0.476,-1.018,-0.27
78410,-1.41,4.952,4.854,78410,-0.284,-0.926,-0.312
78420,-1.046,4.87,5.224,78420,0.056,-0.874,-0.348
78430,-0.574,4.32,5.734,78430,0.154,-0.818,-0.384
78440,-0.902,3.814,5.452,78440,0.226,-0.718,-0.52
78450,-0.724,3.398,5.062,78450,0.364,-0.748,-0.64
78460,-1.042,3.82,5.836,78460,0.446,-0.768,-0.722
78470,-1.474,4.72,6.342,78470,0.192,-0.738,-0.874
78480,-1.972,4.55,6.426,78480,-0.068,-0.726,-0.876
78490,-2.126,3.734,6.536,78490,-0.188,-0.704,-0.918
78500,-2.694,4.794,7.884,78500,-0.244,-0.698,-1.028
78510,-2.322,5.934,8.548,78510,-0.134,-0.65,-1.182
78520,-1.788,5.314,8.48,78520,-0.002,-0.596,-1.378
78530,-1.704,4.908,8.644,78530,0.18,-0.5,-1.58
78540,-1.612,5.004,8.31,78540,0.352,-0.392,-1.78
78550,-1.476,4.738,8.382,78550,0.442,-0.294,-1.966
78560,-1.21,4.616,8.56,78560,0.438,-0.23,-2.096
78570,-1.13,4.902,9.038,78570,0.294,-0.204,-2.176
78580,-1.01,5.218,9.598,78580,0.136,-0.216,-2.236
78590,-0.834,5.504,10.29,78590,-0.01,-0.234,-2.246
78600,-0.79,5.788,11.268,78600,-0.274,-0.282,-2.222
78610,-0.728,6.08,12.052,78610,-0.502,-0.362,-2.168
78620,-0.414,5.904,12.81,78620,-0.648,-0.476,-2.108
78630,0.202,5.498,13.564,78630,-0.756,-0.582,-2.056
78640,1.052,5.158,14.036,78640,-0.696,-0.628,-2.046
78650,2.104,4.538,14.366,78650,-0.614,-0.702,-2.12
78660,2.902,3.668,14.574,78660,-0.626,-0.81,-2.15
78670,3.616,2.972,14.29,78670,-0.756,-0.944,-2.092
78680,4.168,2.812,14.384,78680,-1.164,-1.226,-1.982
78690,4.498,2.762,14.64,78690,-1.568,-1.584,-1.79
78700,4.81,2.378,14.942,78700,-1.654,-1.866,-1.576
78710,4.986,2.268,15.808,78710,-1.628,-2.062,-1.51
78720,5.038,2.766,16.426,78720,-1.734,-2.188,-1.492
78730,5.148,3.16,16.694,78730,-1.94,-2.31,-1.432
78740,5.346,3.612,17.266,78740,-2.216,-2.432,-1.328
78750,5.486,4.306,17.516,78750,-2.5,-2.5,-1.282
78760,5.808,4.98,16.988,78760,-2.606,-2.546,-1.2
78770,5.736,4.926,16.242,78770,-2.634,-2.582,-1.098
78780,5.112,4.436,15.292,78780,-2.622,-2.558,-1.076
78790,4.52,4.352,14.074,78790,-2.536,-2.566,-1.058
78800,4.47,4.272,13.088,78800,-2.546,-2.608,-1.03
78810,4.086,3.952,12.38,78810,-2.692,-2.634,-1.006
78820,3.704,3.542,11.414,78820,-2.824,-2.652,-1.004
78830,3.282,3.496,10.686,78830,-2.904,-2.64,-1.026
78840,2.976,4.136,10.512,78840,-2.972,-2.618,-1.032
78850,2.994,4.38,10.276,78850,-3.048,-2.584,-1.042
78860,2.858,4.028,9.824,78860,-3.076,-2.522,-1.046
78870,2.8,4.042,9.438,78870,-3.016,-2.454,-1.04
78880,2.718,4.29,9.208,78880,-2.874,-2.412,-1.03
78890,2.93,4.578,8.932,78890,-2.752,-2.386,-0.99
78900,2.964,4.66,8.656,78900,-2.658,-2.384,-0.93
78910,2.712,4.538,8.224,78910,-2.574,-2.336,-0.922
78920,2.286,4.908,7.964,78920,-2.468,-2.282,-0.95
78930,2.042,5.636,7.702,78930,-2.416,-2.232,-0.926
78940,1.974,6.192,7.464,78940,-2.336,-2.184,-0.892
78950,2.078,6.142,7.118,78950,-2.222,-2.13,-0.868
78960,2.418,6.032,6.908,78960,-2.124,-2.03,-0.852
78970,2.636,6.238,6.666,78970,-2.06,-1.934,-0.866
78980,2.702,6.19,6.316,78980,-2.042,-1.864,-0.854
78990,2.944,6.128,6.058,78990,-1.952,-1.766,-0.824
79000,3.21,6.014,5.77,79000,-2.016,-1.704,-0.776
79010,3.45,5.936,5.584,79010,-2.16,-1.62,-0.638
79020,4.122,5.62,4.648,79020,-2.196,-1.514,-0.536
79030,4.342,5.528,4.658,79030,-2.074,-1.392,-0.47
79040,4.892,5.5,4.412,79040,-1.902,-1.26,-0.48
79050,5.174,5.472,4.14,79050,-1.784,-1.12,-0.5
79060,5.53,5.244,3.724,79060,-1.656,-0.994,-0.486
79070,5.754,5.108,3.414,79070,-1.516,-0.91,-0.508
79080,5.99,4.974,3.176,79080,-1.344,-0.806,-0.528
79090,6.526,4.8,2.882,79090,-1.188,-0.694,-0.57
79100,7.082,4.282,2.608,79100,-1.07,-0.644,-0.64
79110,7.508,3.864,2.268,79110,-1.046,-0.618,-0.708
79120,7.786,3.724,2.104,79120,-1.166,-0.556,-0.73
79130,8.012,3.462,2.158,79130,-1.276,-0.562,-0.72
79140,8.226,3.512,2.116,79140,-1.266,-0.564,-0.736
79150,8.414,3.876,2.148,79150,-1.13,-0.534,-0.742
79160,8.722,3.756,2.202,79160,-0.94,-0.512,-0.73
79170,9.102,3.282,2.046,79170,-0.77,-0.496,-0.714
79180,9.566,3.068,1.84,79180,-0.64,-0.494,-0.7
79190,9.948,3.056,1.782,79190,-0.542,-0.53,-0.686
79200,10.136,3.122,1.74,79200,-0.494,-0.582,-0.674
79210,10.116,3.34,1.754,79210,-0.402,-0.678,-0.662
79220,10.074,3.528,1.748,79220,-0.282,-0.812,-0.628
79230,9.926,3.526,1.834,79230,-0.248,-0.92,-0.616
79240,9.768,3.446,1.876,79240,-0.156,-0.976,-0.562
79250,9.818,3.362,1.74,79250,0.042,-1.038,-0.502
79260,9.7,3.602,1.964,79260,0.218,-1.102,-0.47
79270,9.79,3.744,2.036,79270,0.388,-1.164,-0.446
79280,9.888,3.644,1.828,79280,0.572,-1.24,-0.428
79290,9.862,3.764,1.922,79290,0.682,-1.33,-0.384
79300,9.9,3.896,1.914,79300,0.648,-1.41,-0.304
79310,10.02,3.774,1.934,79310,0.614,-1.494,-0.194
79320,10.042,3.67,2,79320,0.668,-1.586,-0.102
79330,10.17,4.038,2.23,79330,0.832,-1.654,-0.052
79340,10.532,4.382,2.474,79340,1.094,-1.77,-0.044
79350,10.764,4.046,2.668,79350,1.294,-1.912,-0.028
79360,11.074,3.696,2.636,79360,1.382,-2.096,-0.016
79370,11.288,3.592,2.552,79370,1.538,-2.302,0.016
79380,11.844,3.646,2.512,79380,1.71,-2.488,0.028
79390,12.6,3.48,2.746,79390,1.84,-2.73,-0.002
79400,13.362,3.14,2.664,79400,2.008,-3.006,0.016
79410,13.946,2.862,2.316,79410,2.182,-3.256,0.052
79420,14.388,2.874,2.182,79420,2.342,-3.498,0.05
79430,14.81,3.062,2.05,79430,2.52,-3.748,-0.01
79440,15.042,3.306,1.888,79440,2.702,-4.022,-0.082
79450,15.006,3.344,1.482,79450,2.726,-4.344,-0.078
79460,14.898,3.224,1.118,79460,2.712,-4.636,-0.084
79470,14.774,3.204,0.45,79470,2.896,-4.904,-0.124
79480,15.208,3.336,-0.502,79480,3.136,-5.156,-0.16
79490,15.764,3.59,-1.574,79490,3.364,-5.394,-0.26
79500,15.966,3.858,-2.7,79500,3.618,-5.614,-0.36
79510,15.912,3.614,-3.916,79510,3.884,-5.818,-0.47
79520,15.116,3.36,-5.088,79520,4.1,-5.992,-0.658
79530,14.526,3.432,-6.48,79530,4.204,-6.14,-0.83
79540,14.068,3.622,-7.91,79540,4.268,-6.212,-0.91
79550,13.494,4.07,-9.2,79550,4.464,-6.218,-0.98
79560,12.952,4.916,-10.49,79560,4.752,-6.236,-1.13
79570,12.662,5.634,-11.474,79570,5.004,-6.244,-1.274
79580,12.268,5.776,-12.646,79580,5.114,-6.184,-1.456
79590,11.18,5.65,-13.738,79590,5.182,-6.074,-1.708
79600,9.85,5.496,-14.764,79600,5.198,-5.942,-1.968
79610,8.512,5.914,-15.232,79610,5.178,-5.764,-2.228
79620,7.33,6.78,-15.352,79620,5.302,-5.518,-2.482
79630,6.324,7.218,-15.56,79630,5.474,-5.222,-2.718
79640,5.548,7.502,-15.626,79640,5.426,-4.878,-2.844
79650,4.686,7.756,-15.426,79650,5.064,-4.492,-2.874
79660,3.282,8.108,-15.534,79660,4.498,-4.008,-2.9
79670,1.838,8.418,-15.378,79670,3.968,-3.33,-2.882
79680,0.034,8.728,-15.172,79680,3.244,-2.668,-3.104
79690,-2.402,8.126,-15.364,79690,1.996,-1.556,-3.66
79700,-4.288,4.866,-17.906,79700,0.998,0.862,-5.212
79710,-5.94,-0.18,-20.006,79710,1.778,3.776,-7.724
79720,-7.02,-6.96,-23.726,79720,1.09,6.38,-9.534
79730,-8.25,-15.408,-29.746,79730,-1.868,8.836,-9.552
79740,-10.914,-21.388,-36.404,79740,-3.864,11.822,-9.144
79750,-21.096,-19.326,-36.864,79750,-5.898,14.348,-7.622
79760,-36.334,-10.846,-28.974,79760,-9.214,15.916,-4.62
79770,-38.784,0.88,-18.996,79770,-10.95,19.128,-2.042
79780,-38.664,1.442,-6.7,79780,-11.832,25.02,-2.32
79790,-38.702,1.564,12.742,79790,-14.706,27.916,-5.544
79800,-38.784,3.636,35.158,79800,-18.534,25.546,-6.574
79810,-38.784,5.284,39.226,79810,-13.352,23.194,-3.9
79820,-38.782,12.13,39.076,79820,-13.66,20.232,-1.416
79830,-30.076,9.21,32.688,79830,-18.914,14.706,0.128
79840,-2.224,-16.088,-21.9,79840,-12.82,12.122,-1.388
79850,-11.966,-39.226,-39.214,79850,-11.174,11.578,0.248
79860,-27.58,-39.226,-32.284,79860,-8.044,9.888,1.716
79870,-30.542,-22.192,-39.214,79870,-4.232,9.274,3.514
79880,-18.234,-29.326,-36.676,79880,0.024,10.1,3.11
79890,-34.482,-39.226,-35.604,79890,1.134,11.91,2.226
79900,-31.28,-39.226,-21.614,79900,1.034,11.2,1.108
79910,-21.914,-39.226,-13.138,79910,0.17,7.892,0.184
79920,-18.968,-33.268,-3.608,79920,-0.102,4.558,-1.072
79930,-30.678,-21.718,-5.728,79930,-0.076,3.13,-1.27
79940,-38.784,-14.05,-6.584,79940,-0.072,2.906,-0.888
79950,-38.784,-9.718,-1.114,79950,-0.282,2.474,-0.79
79960,-38.616,-14.328,9.38,79960,-1.224,2.038,-0.366
79970,-37.974,-15.222,15.93,79970,-1.67,1.498,-0.046
79980,-35.618,-12.382,16.922,79980,-1.402,1.214,0.31
79990,-34.198,-13.788,18.05,79990,-0.76,1.76,1.106
80000,-32.178,-16.616,17.986,80000,0.376,2.738,1.748
80010,-28.586,-21.172,18.68,80010,1.04,3.524,2.22
80020,-23.6,-23.732,23.71,80020,0.832,3.556,2.208
80030,-20.516,-23.238,26.038,80030,0.206,3.042,1.898
80040,-19.776,-18.388,25.414,80040,-0.242,2.286,1.558
80050,-21.122,-10.2,23.024,80050,-0.396,1.46,1.386
80060,-22.248,-3.006,21.444,80060,-0.364,0.92,1.43
80070,-22.374,-0.488,20.07,80070,-0.22,0.68,1.504
80080,-21.61,-1.534,18.312,80080,0.066,0.688,1.686
80090,-19.714,-2.826,17.946,80090,0.368,0.682,1.888
80100,-17.27,-3.368,17.928,80100,0.702,0.562,2.126
80110,-14.728,-3.504,17.54,80110,1.064,0.434,2.356
80120,-13.114,-3.796,16.308,80120,1.41,0.236,2.514
80130,-12.22,-4.278,14.796,80130,1.804,-0.088,2.63
80140,-11.674,-4.468,13.4,80140,2.12,-0.596,2.776
80150,-10.834,-3.862,11.734,80150,2.272,-1.216,2.994
80160,-10.188,-2.578,10.148,80160,2.404,-1.742,3.052
80170,-10.186,-1.148,9.116,80170,2.398,-2.084,3.068
80180,-9.78,-0.12,8.446,80180,2.358,-2.174,3.058
80190,-9.086,0.542,7.382,80190,2.23,-2.062,3.032
80200,-8.208,1.114,7.474,80200,2.036,-1.904,3.13
80210,-7.05,1.552,7.718,80210,1.988,-1.802,3.176
80220,-5.682,1.788,7.948,80220,1.984,-1.8,3.172
80230,-4.474,1.988,8.172,80230,1.85,-1.906,3.252
80240,-4.144,2.32,7.908,80240,1.74,-2.042,3.28
80250,-4.532,2.484,7.666,80250,1.612,-2.148,3.248
80260,-5.072,2.156,7.822,80260,1.402,-2.17,3.218
80270,-5.518,1.644,7.9,80270,1.164,-2.114,3.152
80280,-5.506,1.42,7.92,80280,0.83,-2,3.084
80290,-5.252,1.742,8.348,80290,0.638,-1.928,2.998
80300,-5.326,2.286,8.654,80300,0.592,-1.948,2.868
80310,-6.026,2.816,9.124,80310,0.454,-2.2,2.618
80320,-7.122,3.164,8.96,80320,0.288,-2.432,2.314
80330,-8.444,2.84,7.892,80330,0.298,-2.556,2.294
80340,-9.836,2.108,7.574,80340,0.368,-2.696,2.47
80350,-10.518,2.466,8.34,80350,0.518,-2.616,2.382
80360,-10.124,2.394,8.326,80360,0.422,-2.466,2.192
80370,-11.592,1.616,9.152,80370,0.392,-2.446,2.018
80380,-13.608,1.312,10.02,80380,0.466,-2.406,1.758
80390,-14.166,2.078,10.92,80390,0.372,-2.238,1.538
80400,-14.428,3.43,10.988,80400,0.248,-2.084,1.414
80410,-16.014,3.622,9.748,80410,0.076,-1.966,1.38
80420,-16.072,3.244,9.72,80420,-0.132,-1.828,1.326
80430,-13.678,3.63,10.11,80430,-0.29,-1.802,1.258
80440,-12.288,3.826,9.474,80440,-0.282,-1.854,1.146
80450,-11.422,3.846,9.124,80450,-0.272,-1.878,1.016
80460,-10.346,3.81,9.166,80460,-0.33,-1.87,0.984
80470,-9.876,3.384,8.684,80470,-0.35,-1.87,0.976
80480,-9.29,3.046,8.714,80480,-0.368,-1.848,0.918
80490,-7.538,3.076,9.538,80490,-0.438,-1.86,0.854
80500,-6.172,2.776,9.802,80500,-0.522,-1.938,0.784
80510,-5.46,2.258,9.808,80510,-0.584,-2.026,0.656
80520,-4.55,1.904,9.878,80520,-0.564,-2.144,0.444
80530,-3.56,1.816,9.966,80530,-0.488,-2.28,0.226
80540,-3.07,1.592,10.144,80540,-0.418,-2.466,0.05
80550,-3.028,1.042,10.428,80550,-0.37,-2.66,-0.198
80560,-2.93,0.266,10.518,80560,-0.386,-2.906,-0.414
80570,-2.8,-0.344,10.612,80570,-0.482,-3.062,-0.662
80580,-3.04,-0.098,10.752,80580,-0.498,-3.15,-0.87
80590,-3.446,0.498,10.87,80590,-0.446,-3.308,-0.992
80600,-3.878,1.27,10.958,80600,-0.558,-3.41,-1.03
80610,-3.408,1.758,11.524,80610,-0.774,-3.462,-1.054
80620,-3.352,1.582,11.844,80620,-1.08,-3.45,-1.168
80630,-3.536,2.156,12.212,80630,-1.328,-3.356,-1.356
80640,-3.486,3.748,12.694,80640,-1.466,-3.28,-1.518
80650,-3.288,5.296,12.838,80650,-1.494,-3.198,-1.608
80660,-3.124,6.152,12.594,80660,-1.47,-3.072,-1.628
80670,-2.684,6.032,12.188,80670,-1.516,-2.964,-1.602
80680,-2.062,5.674,11.656,80680,-1.566,-2.906,-1.52
80690,-1.084,5.468,11.534,80690,-1.63,-2.848,-1.462
80700,0.002,5.408,11.484,80700,-1.786,-2.772,-1.414
80710,0.828,5.066,11.104,80710,-1.99,-2.696,-1.392
80720,1.28,4.43,10.704,80720,-2.226,-2.596,-1.464
80730,1.662,4.132,10.522,80730,-2.47,-2.474,-1.556
80740,2.104,4.236,10.448,80740,-2.622,-2.33,-1.642
80750,2.474,4.326,10.424,80750,-2.682,-2.156,-1.73
80760,2.832,4.526,10.254,80760,-2.632,-2.018,-1.742
80770,3.128,4.906,9.938,80770,-2.568,-1.904,-1.688
80780,3.568,5.054,9.828,80780,-2.528,-1.858,-1.658
80790,4.004,4.934,9.614,80790,-2.404,-1.86,-1.69
80800,4.222,4.546,9.352,80800,-2.282,-1.812,-1.8
80810,4.228,4.43,9.256,80810,-2.17,-1.84,-1.764
80820,3.95,4.368,8.844,80820,-2.238,-1.844,-1.764
80830,3.628,4.288,8.684,80830,-2.006,-1.716,-1.996
80840,3.926,4.266,8.442,80840,-1.85,-1.734,-1.904
80850,4.02,4.288,8.59,80850,-2.178,-1.912,-1.678
80860,3.384,4.458,8.434,80860,-2.124,-1.944,-1.75
80870,3.476,3.702,7.152,80870,-2.216,-1.946,-1.718
80880,4.028,3.288,8.388,80880,-2.194,-2.01,-1.706
80890,2.712,3.896,7.012,80890,-2.178,-2.032,-1.756
80900,2.578,3.854,7.81,80900,-2.178,-2.028,-1.804
80910,2.942,3.856,7.25,80910,-2.204,-2.02,-1.822
80920,2.718,4.134,7.222,80920,-2.224,-2.024,-1.788
80930,2.582,4.236,6.856,80930,-2.356,-2.028,-1.7
80940,2.566,4.108,6.694,80940,-2.516,-2.03,-1.6
80950,2.534,3.89,6.486,80950,-2.606,-2,-1.56
80960,2.372,3.794,6.432,80960,-2.598,-1.92,-1.518
80970,2.2,4.014,6.23,80970,-2.516,-1.832,-1.464
80980,2.008,4.446,6.04,80980,-2.39,-1.704,-1.452
80990,2.26,4.618,5.836,80990,-2.178,-1.568,-1.448
81000,2.722,4.334,5.602,81000,-1.98,-1.456,-1.444
81010,2.86,3.944,5.382,81010,-1.812,-1.36,-1.446
81020,3.064,3.762,5.018,81020,-1.672,-1.282,-1.428
81030,3.25,3.608,4.66,81030,-1.638,-1.214,-1.388
81040,3.538,3.514,4.388,81040,-1.764,-1.168,-1.278
81050,3.76,3.53,4.106,81050,-1.882,-1.11,-1.12
81060,4.154,3.708,3.912,81060,-1.86,-1.048,-0.99
81070,4.684,3.772,4.048,81070,-1.762,-0.994,-0.904
81080,5.26,3.64,4.086,81080,-1.654,-0.91,-0.844
81090,5.662,3.396,3.746,81090,-1.616,-0.828,-0.812
81100,5.874,3.338,3.598,81100,-1.602,-0.732,-0.776
81110,6.106,3.372,3.568,81110,-1.546,-0.688,-0.724
81120,6.318,3.41,3.632,81120,-1.464,-0.606,-0.7
81130,6.724,3.3,3.882,81130,-1.414,-0.564,-0.672
81140,7.042,3.086,3.982,81140,-1.326,-0.562,-0.636
81150,7.406,3.006,4.192,81150,-1.348,-0.546,-0.616
81160,7.776,2.954,4.44,81160,-1.532,-0.548,-0.576
81170,8.1,2.998,4.522,81170,-1.668,-0.532,-0.466
81180,8.272,3.046,4.654,81180,-1.714,-0.514,-0.404
81190,8.424,3.186,4.956,81190,-1.668,-0.494,-0.4
81200,8.814,3.078,4.922,81200,-1.628,-0.456,-0.388
81210,8.958,2.726,4.63,81210,-1.568,-0.444,-0.392
81220,8.978,2.672,4.332,81220,-1.506,-0.418,-0.458
81230,9.282,2.966,4.186,81230,-1.514,-0.414,-0.52
81240,9.45,3.112,3.908,81240,-1.518,-0.438,-0.606
81250,9.602,3.04,3.76,81250,-1.514,-0.484,-0.718
81260,9.942,2.996,3.792,81260,-1.49,-0.556,-0.812
81270,10.294,3.124,3.594,81270,-1.462,-0.61,-0.908
81280,10.324,3.234,3.31,81280,-1.436,-0.642,-0.974
81290,10.464,3.574,2.776,81290,-1.324,-0.646,-0.988
81300,10.6,4.174,2.378,81300,-1.082,-0.636,-0.954
81310,10.812,4.73,2.108,81310,-0.714,-0.606,-0.986
81320,11.13,4.86,1.802,81320,-0.448,-0.61,-0.984
81330,11.28,4.622,1.196,81330,-0.182,-0.65,-0.958
81340,11.51,4.586,0.992,81340,-0.03,-0.79,-0.932
81350,11.676,4.704,0.918,81350,-0.056,-0.918,-0.89
81360,12.174,5.376,0.708,81360,-0.034,-1.042,-0.766
81370,12.264,6.018,0.886,81370,0.07,-1.194,-0.606
81380,12.448,6.844,1.524,81380,0.26,-1.334,-0.384
81390,12.918,7.532,1.39,81390,0.512,-1.458,-0.17
81400,13.408,7.532,1.456,81400,0.728,-1.518,0.022
81410,13.772,7.078,1.34,81410,0.96,-1.586,0.224
81420,13.776,7.126,1.368,81420,1.164,-1.674,0.418
81430,13.798,7.096,1.426,81430,1.272,-1.776,0.602
81440,13.794,6.976,1.076,81440,1.324,-1.888,0.744
81450,13.78,6.832,0.77,81450,1.376,-2.01,0.878
81460,13.524,6.826,0.584,81460,1.478,-2.116,0.952
81470,13.168,7.006,0.524,81470,1.58,-2.248,0.994
81480,12.844,7.072,0.456,81480,1.746,-2.35,1.012
81490,12.576,7.182,0.252,81490,1.9,-2.464,1.012
81500,12.792,7.168,0.198,81500,2.042,-2.65,0.958
81510,12.99,6.912,0.292,81510,2.432,-2.776,0.816
81520,13.308,6.334,0.286,81520,2.908,-2.902,0.624
81530,13.658,5.572,0.34,81530,3.048,-3.084,0.532
81540,13.97,5.304,0.218,81540,3.032,-3.314,0.538
81550,14.022,5.45,0.224,81550,3.024,-3.582,0.556
81560,14.638,5.676,0.414,81560,3.254,-3.858,0.486
81570,14.854,5.938,0.726,81570,3.704,-4.114,0.36
81580,15.23,5.76,0.868,81580,3.918,-4.328,0.206
81590,15.08,5.338,0.432,81590,3.854,-4.564,0.056
81600,14.328,5.224,-0.65,81600,3.672,-4.754,-0.05
81610,13.72,6.032,-1.172,81610,3.568,-4.96,-0.168
81620,13.26,7.666,-1.538,81620,3.594,-5.066,-0.314
81630,13.114,8.52,-2.134,81630,3.708,-5.094,-0.474
81640,13.01,7.958,-3.034,81640,4.066,-5.054,-0.686
81650,12.876,7.102,-4.216,81650,4.49,-4.956,-0.918
81660,12.978,6.708,-5.066,81660,4.64,-4.908,-1.078
81670,12.572,6.888,-5.716,81670,4.62,-4.912,-1.202
81680,11.776,7.034,-6.596,81680,4.688,-4.902,-1.366
81690,11.282,7.064,-7.314,81690,4.854,-4.866,-1.582
81700,10.702,7.406,-7.92,81700,4.996,-4.818,-1.808
81710,10.058,7.848,-8.638,81710,5.178,-4.772,-2.044
81720,9.396,8.038,-9.41,81720,5.32,-4.766,-2.254
81730,8.71,8.114,-9.844,81730,5.348,-4.762,-2.428
81740,7.992,8.37,-10.38,81740,5.42,-4.666,-2.57
81750,6.952,8.574,-10.906,81750,5.476,-4.488,-2.68
81760,5.29,8.776,-11.232,81760,5.47,-4.2,-2.732
81770,3.744,9.112,-11.734,81770,5.328,-3.872,-2.71
81780,2.462,9.474,-12.342,81780,5.114,-3.488,-2.528
81790,1.218,9.764,-12.732,81790,4.73,-3.052,-2.3
81800,0.028,9.894,-12.902,81800,3.94,-2.506,-2.158
81810,-1.362,9.128,-12.788,81810,2.862,-1.942,-2.18
81820,-3.69,7.114,-13.468,81820,1.104,-1.056,-2.516
81830,-6.654,4.244,-15.25,81830,0.486,1,-3.362
81840,-9,0.066,-18.78,81840,1.39,3.932,-5.238
81850,-10.088,-6.608,-22.376,81850,0.898,6.062,-7.528
81860,-9.898,-14.526,-26.31,81860,-1.328,7.554,-8.634
81870,-10.48,-21.158,-33.026,81870,-4.052,9.47,-8.548
81880,-14.878,-21.886,-33.23,81880,-5.35,11.802,-8.348
81890,-26.532,-17.086,-26.89,81890,-7.704,13.848,-5.942
81900,-37.488,-11.072,-16.5,81900,-9.868,16.598,-2.434
81910,-38.784,1.142,-6.352,81910,-10.238,22.084,-0.716
81920,-38.698,2.234,6.122,81920,-10.108,27.794,-1.876
81930,-38.738,6.96,22.276,81930,-12.036,30.168,-5.424
81940,-38.784,12.954,39.226,81940,-10.972,25.996,-7.184
81950,-38.752,13.682,39.226,81950,-8.21,22.932,-3.334
81960,-34.582,19.196,38.96,81960,-14.7,22.166,0.568
81970,-20.866,10.956,12.214,81970,-15.56,16.928,-1.816
81980,-24.044,-31.162,-28.298,81980,-13.774,11.942,-3.054
81990,-33.042,-39.226,-35.146,81990,-11.732,9.322,0.124
82000,-21.682,-21.69,-39.164,82000,-9.066,9.838,4.294
82010,-29.868,-16.292,-39.214,82010,-3.466,10.824,5.19
82020,-37.778,-38.53,-38.024,82020,-1.444,11.086,5.052
82030,-35.578,-39.226,-20.598,82030,-1.104,10.76,4.026
82040,-27.49,-37.93,-13.542,82040,-2.224,7.536,1.758
82050,-22.112,-27.526,-9.36,82050,-3.324,4.026,-0.304
82060,-28.73,-13.1,-7.506,82060,-3.928,1.618,-1.102
82070,-38.784,-1.436,-9.95,82070,-3.862,0.586,-0.962
82080,-38.784,0.974,-7.35,82080,-3.592,-0.122,-0.476
82090,-38.61,-6.156,-1.266,82090,-2.624,-0.894,-0.046
82100,-37.912,-14.694,5.26,82100,-1.248,-1.522,0.284
82110,-33.704,-18.706,8.948,82110,-0.314,-1.328,0.896
82120,-30.716,-21.326,9.512,82120,0.418,0.068,2.052
82130,-27.89,-26.576,9.914,82130,1.634,1.4,2.914
82140,-22.376,-30.27,14.28,82140,2.192,1.872,3.224
82150,-16.442,-28.8,22.008,82150,1.71,1.728,2.972
82160,-14.836,-25.478,23.932,82160,0.918,0.984,2.486
82170,-17.648,-20.188,24.348,82170,0.098,0.302,1.848
82180,-19.42,-12.692,24.078,82180,-0.462,-0.124,1.47
82190,-19.466,-6.718,20.7,82190,-0.53,-0.346,1.314
82200,-20.106,-3.762,18.882,82200,-0.67,-0.134,1.364
82210,-18.48,-3.73,17.952,82210,-0.458,0.214,1.514
82220,-16.218,-6.31,16.026,82220,-0.048,0.29,1.506
82230,-15.36,-9.252,17.094,82230,0.072,0.348,1.54
82240,-14.134,-10.604,17.058,82240,0.27,0.198,1.458
82250,-14.528,-10.302,14.882,82250,0.33,-0.066,1.264
82260,-15.672,-9.13,14.818,82260,0.402,-0.216,1.164
82270,-16.08,-7.832,13.32,82270,0.742,-0.362,1.076
82280,-16.224,-7.088,12.246,82280,1.012,-0.366,1.03
82290,-15.432,-6.58,11.966,82290,1.056,-0.26,1.028
82300,-14.558,-6.38,10.344,82300,1.246,-0.266,1.122
82310,-14.212,-6.428,9.53,82310,1.584,-0.41,1.162
82320,-14.362,-5.968,9.08,82320,1.78,-0.464,1.246
82330,-14.624,-5.182,7.128,82330,1.914,-0.484,1.376
82340,-15.328,-4.934,4.92,82340,2.118,-0.594,1.47
82350,-15.4,-5.132,4.336,82350,2.222,-0.756,1.546
82360,-14.514,-5.032,3.964,82360,2.238,-0.94,1.59
82370,-13.82,-4.692,3.246,82370,2.256,-1.04,1.644
82380,-13.07,-4.388,2.926,82380,2.212,-1.068,1.654
82390,-12.014,-3.886,2.742,82390,1.996,-1.032,1.55
82400,-10.824,-3.52,2.934,82400,1.756,-0.874,1.49
82410,-9.764,-3.452,3.226,82410,1.786,-0.77,1.536
82420,-9.012,-3.226,3.614,82420,1.82,-0.784,1.526
82430,-8.132,-2.728,4.306,82430,1.724,-0.726,1.554
82440,-6.998,-2.686,3.78,82440,1.642,-0.678,1.59
82450,-6.81,-3.02,3.298,82450,1.632,-0.69,1.606
82460,-6.632,-2.99,3.75,82460,1.538,-0.704,1.632
82470,-6.058,-2.408,3.754,82470,1.398,-0.744,1.602
82480,-5.626,-1.712,3.374,82480,1.254,-0.754,1.5
82490,-5.314,-1.174,3.526,82490,1.09,-0.768,1.366
82500,-5.148,-0.828,3.514,82500,0.944,-0.748,1.212
82510,-5.108,-0.548,3.136,82510,0.864,-0.712,1.038
82520,-5.098,-0.21,2.838,82520,0.746,-0.722,0.866
82530,-4.952,0.078,2.744,82530,0.564,-0.746,0.736
82540,-4.754,0.098,2.498,82540,0.36,-0.692,0.608
82550,-4.658,-0.012,2.354,82550,0.194,-0.626,0.444
82560,-4.772,-0.014,2.378,82560,0.174,-0.49,0.332
82570,-5.07,0.186,2.576,82570,0.226,-0.388,0.21
82580,-5.4,0.462,2.55,82580,0.238,-0.282,0.06
82590,-5.616,0.312,2.364,82590,0.186,-0.208,-0.024
82600,-6.126,-0.052,2.026,82600,0.338,-0.264,-0.026
82610,-6.978,-0.322,1.686,82610,0.706,-0.3,-0.064
82620,-7.778,-0.316,1.572,82620,1,-0.334,-0.112
82630,-8.218,-0.19,0.748,82630,1.126,-0.356,-0.076
82640,-8.662,-0.182,-0.174,82640,1.25,-0.208,0.086
82650,-9.154,-0.192,-0.42,82650,1.43,-0.138,0.154
82660,-9.388,0.032,-0.324,82660,1.4,-0.254,-0.08
82670,-9.364,0.5,-0.334,82670,1.632,-0.256,-0.202
82680,-9.516,0.898,-0.562,82680,1.906,-0.408,-0.24
82690,-10.384,2.032,-0.964,82690,1.998,-0.42,-0.292
82700,-10.816,2.704,-1.854,82700,2.096,-0.288,-0.266
82710,-11.086,2.74,-2.448,82710,2.276,-0.11,-0.204
82720,-11.168,2.722,-1.738,82720,2.414,0.008,-0.176
82730,-10.91,2.578,-0.842,82730,2.484,0.098,-0.182
82740,-10.734,2.26,-0.684,82740,2.452,0.136,-0.176
82750,-11.104,1.816,-0.624,82750,2.448,0.168,-0.216
82760,-11.618,1.554,-0.694,82760,2.438,0.206,-0.35
82770,-11.732,1.654,-0.676,82770,2.36,0.248,-0.524
82780,-11.796,2.084,-0.744,82780,2.298,0.29,-0.678
82790,-11.932,2.724,-0.608,82790,2.268,0.312,-0.85
82800,-11.942,3.332,-0.286,82800,2.294,0.396,-1.036
82810,-11.814,3.82,-0.08,82810,2.294,0.386,-1.258
82820,-11.744,4.312,-0.002,82820,2.452,0.456,-1.426
82830,-11.648,4.69,0.264,82830,2.738,0.556,-1.558
82840,-11.54,4.956,0.634,82840,3.224,0.536,-1.52
82850,-11.114,5.21,1.006,82850,3.626,0.512,-1.462
82860,-10.592,5.304,1.386,82860,3.564,0.458,-1.592
82870,-9.89,5.082,1.356,82870,3.418,0.516,-1.756
82880,-9.342,4.726,1.094,82880,3.422,0.576,-1.912
82890,-9.918,5.03,2.15,82890,3.392,0.614,-2.082
82900,-10.206,5.492,3.04,82900,3.112,0.648,-2.256
82910,-10.28,6.002,3.328,82910,2.796,0.69,-2.44
82920,-10.452,6.526,3.752,82920,2.534,0.814,-2.704
82930,-10.958,7.082,4.846,82930,2.32,0.922,-3.03
82940,-11.674,7.836,5.998,82940,2.268,0.788,-3.33
82950,-12.33,8.51,7.128,82950,2.336,0.546,-3.602
82960,-12.556,8.526,7.566,82960,2.388,0.352,-3.882
82970,-12.62,7.922,6.664,82970,2.26,0.254,-4.116
82980,-12.68,7.392,5.826,82980,1.934,0.192,-4.164
82990,-12.398,7.09,5.516,82990,1.566,0.332,-4.082
83000,-11.498,6.99,5.396,83000,1.218,0.656,-4.002
83010,-9.876,6.994,5.208,83010,0.972,0.974,-3.854
83020,-8.054,6.96,5.502,83020,0.926,1.184,-3.64
83030,-6.546,6.55,5.796,83030,0.982,1.154,-3.436
83040,-5.946,5.462,5.438,83040,1.054,0.952,-3.178
83050,-6.402,3.768,5.016,83050,1.046,0.706,-2.838
83060,-7.58,2.012,4.498,83060,0.848,0.502,-2.514
83070,-8.602,0.52,3.572,83070,0.594,0.41,-2.322
83080,-8.99,-0.29,2.872,83080,0.346,0.408,-2.272
83090,-8.838,0.066,2.804,83090,0.066,0.402,-2.3
83100,-8.65,1.422,2.978,83100,-0.186,0.314,-2.346
83110,-8.742,2.894,3.14,83110,-0.424,0.156,-2.37
83120,-9.234,3.792,3.258,83120,-0.59,-0.036,-2.342
83130,-10.086,3.896,3.192,83130,-0.572,-0.232,-2.306
83140,-10.974,3.486,3.04,83140,-0.47,-0.364,-2.228
83150,-11.534,3.01,2.836,83150,-0.432,-0.362,-2.082
83160,-11.802,2.856,2.492,83160,-0.376,-0.344,-1.908
83170,-11.732,2.892,2.402,83170,-0.012,-0.336,-1.768
83180,-11.588,3.016,2.642,83180,0.518,-0.214,-1.634
83190,-11.398,3.36,2.718,83190,0.93,-0.032,-1.368
83200,-11.158,3.708,2.538,83200,1.32,0.084,-0.964
83210,-10.902,3.496,2.552,83210,1.744,0.202,-0.584
83220,-10.582,2.692,2.802,83220,2,0.308,-0.22
83230,-10.226,1.81,2.934,83230,2.1,0.352,0.11
83240,-9.986,1.252,2.836,83240,2.196,0.332,0.232
83250,-9.718,0.864,2.836,83250,2.19,0.348,0.2
83260,-9.528,0.662,2.882,83260,1.912,0.318,0.214
83270,-9.516,0.852,2.756,83270,1.528,0.186,0.224
83280,-9.314,1.072,2.686,83280,1.202,0.04,0.14
83290,-8.854,0.882,2.626,83290,0.914,-0.026,0.054
83300,-8.676,0.526,2.49,83300,0.696,-0.076,0.022
83310,-8.71,0.2,2.754,83310,0.562,-0.174,0.008
83320,-8.366,-0.224,3.366,83320,0.474,-0.226,-0.012
83330,-8.044,-0.568,3.572,83330,0.434,-0.236,-0.026
83340,-8.26,-0.682,3.632,83340,0.41,-0.24,-0.02
83350,-8.414,-0.682,3.844,83350,0.352,-0.196,0.054
83360,-8.16,-0.726,3.692,83360,0.294,-0.116,0.166
83370,-7.876,-0.784,3.4,83370,0.282,-0.022,0.234
83380,-7.636,-0.874,3.384,83380,0.314,0.038,0.27
83390,-7.768,-1.112,3.676,83390,0.344,0.032,0.316
83400,-8.394,-1.332,4.042,83400,0.35,0,0.35
83410,-9.036,-1.382,4.154,83410,0.32,-0.006,0.354
83420,-9.604,-1.368,4.102,83420,0.238,0.034,0.332
83430,-10.026,-1.326,4.176,83430,0.112,0.074,0.304
83440,-10.338,-1.39,4.328,83440,-0.044,0.074,0.316
83450,-10.45,-1.368,4.506,83450,-0.154,0.092,0.31
83460,-10.334,-1.256,4.462,83460,-0.258,0.118,0.284
83470,-10.074,-1.308,4.378,83470,-0.386,0.086,0.262
83480,-10.108,-1.496,4.372,83480,-0.448,0.044,0.238
83490,-10.404,-1.714,4.288,83490,-0.5,-0.006,0.182
83500,-10.818,-1.83,4.142,83500,-0.616,-0.074,0.126
83510,-11.026,-1.844,3.95,83510,-0.74,-0.132,0.084
83520,-10.96,-1.74,3.604,83520,-0.806,-0.182,0.028
83530,-10.95,-1.556,3.328,83530,-0.848,-0.208,-0.016
83540,-10.954,-1.232,3.062,83540,-0.928,-0.2,-0.038
83550,-10.922,-0.846,2.622,83550,-1.042,-0.212,-0.052
83560,-10.91,-0.602,2.282,83560,-1.134,-0.244,-0.044
83570,-10.842,-0.548,2.016,83570,-1.152,-0.254,-0.046
83580,-10.71,-0.542,1.684,83580,-1.11,-0.272,-0.052
83590,-10.582,-0.456,1.54,83590,-1.006,-0.286,-0.044
83600,-10.406,-0.282,1.544,83600,-0.898,-0.274,-0.028
83610,-10.15,-0.342,1.494,83610,-0.774,-0.228,0.036
83620,-9.826,-0.632,1.492,83620,-0.612,-0.174,0.106
83630,-9.42,-0.942,1.604,83630,-0.486,-0.15,0.154
83640,-8.876,-1.218,1.61,83640,-0.432,-0.138,0.198
83650,-8.486,-1.246,1.48,83650,-0.396,-0.126,0.224
83660,-8.324,-1.014,1.364,83660,-0.382,-0.132,0.202
83670,-8.196,-0.648,1.502,83670,-0.45,-0.142,0.15
83680,-8.052,-0.164,1.606,83680,-0.522,-0.148,0.114
83690,-8.046,0.378,1.764,83690,-0.5,-0.128,0.07
83700,-8.106,0.94,2.194,83700,-0.438,-0.066,0.01
83710,-8.09,1.394,2.604,83710,-0.378,-0.004,-0.024
83720,-8.13,1.574,2.92,83720,-0.3,0.006,-0.012
83730,-8.236,1.418,3.322,83730,-0.306,-0.044,0.012
83740,-8.334,0.984,3.476,83740,-0.396,-0.116,0.038
83750,-8.524,0.46,3.324,83750,-0.438,-0.166,0.01
83760,-8.896,0.186,3.292,83760,-0.494,-0.196,-0.044
83770,-9.158,0.496,3.552,83770,-0.532,-0.224,-0.094
83780,-9.246,1.164,3.792,83780,-0.48,-0.294,-0.15
83790,-9.178,1.612,4.148,83790,-0.458,-0.356,-0.164
83800,-9.052,1.582,4.488,83800,-0.43,-0.422,-0.144
83810,-9.162,1.16,4.642,83810,-0.428,-0.46,-0.124
83820,-9.17,0.58,5.062,83820,-0.642,-0.492,-0.12
83830,-9.052,0.354,5.36,83830,-0.84,-0.578,-0.192
83840,-9.118,0.656,5.46,83840,-0.908,-0.746,-0.318
83850,-9.556,1.416,5.942,83850,-0.93,-0.942,-0.404
83860,-10.182,2.536,6.184,83860,-0.942,-1.044,-0.428
83870,-10.742,3.292,5.972,83870,-0.88,-1.096,-0.376
83880,-11.242,2.952,6.036,83880,-0.78,-1.122,-0.238
83890,-11.358,1.996,6.638,83890,-0.76,-1.172,-0.102
83900,-10.938,1.124,6.89,83900,-0.816,-1.316,-0.016
83910,-10.754,0.556,6.898,83910,-1.04,-1.478,0.058
83920,-11.18,0.328,6.732,83920,-1.388,-1.572,0.088
83930,-11.728,0.542,6.466,83930,-1.664,-1.62,0.086
83940,-11.56,0.888,6.39,83940,-1.874,-1.702,0.028
83950,-11.09,1.202,6.586,83950,-2.1,-1.808,0.042
83960,-10.714,1.13,6.726,83960,-2.254,-1.938,0.118
83970,-10.894,0.696,6.814,83970,-2.302,-2.102,0.156
83980,-10.95,-0.064,6.844,83980,-2.362,-2.272,0.186
83990,-10.898,-0.806,6.686,83990,-2.386,-2.454,0.168
84000,-10.986,-1.34,6.208,84000,-2.394,-2.738,0.158
84010,-10.994,-1.758,6.184,84010,-2.454,-2.918,0.174
84020,-10.872,-2.04,5.746,84020,-2.51,-2.996,0.202
84030,-10.912,-2.346,5.134,84030,-2.506,-3.064,0.214
84040,-10.624,-2.626,5.362,84040,-2.442,-3.128,0.246
84050,-9.702,-2.918,5.324,84050,-2.366,-3.17,0.356
84060,-8.958,-3.342,4.748,84060,-2.216,-3.154,0.476
84070,-8.568,-3.826,4.302,84070,-2.01,-3.122,0.536
84080,-7.932,-4.314,4.206,84080,-1.87,-3.042,0.59
84090,-7.244,-4.724,4.116,84090,-1.782,-2.972,0.646
84100,-6.992,-4.976,4.18,84100,-1.728,-2.964,0.686
84110,-6.87,-4.824,4.586,84110,-1.684,-2.902,0.75
84120,-6.548,-4.3,4.52,84120,-1.552,-2.816,0.8
84130,-6.602,-3.796,4.43,84130,-1.404,-2.698,0.826
84140,-6.592,-3.634,4.752,84140,-1.216,-2.586,0.842
84150,-6.434,-3.704,4.88,84150,-1.03,-2.52,0.836
84160,-6.286,-3.968,5.004,84160,-0.896,-2.46,0.85
84170,-6.142,-4.166,4.896,84170,-0.73,-2.422,0.868
84180,-6.088,-4.162,4.818,84180,-0.638,-2.324,0.852
84190,-6.044,-4.048,4.898,84190,-0.63,-2.214,0.78
84200,-6.044,-3.87,5.022,84200,-0.666,-2.156,0.692
84210,-5.918,-3.628,5.476,84210,-0.744,-2.106,0.594
84220,-5.676,-3.28,5.608,84220,-0.8,-2.11,0.498
84230,-5.684,-2.994,5.602,84230,-0.782,-2.118,0.47
84240,-5.776,-2.806,5.602,84240,-0.692,-2.052,0.46
84250,-5.91,-2.87,5.438,84250,-0.578,-1.978,0.428
84260,-5.826,-3.258,5.634,84260,-0.516,-1.832,0.422
84270,-5.426,-3.828,5.848,84270,-0.398,-1.668,0.472
84280,-5.138,-4.318,6.052,84280,-0.306,-1.566,0.468
84290,-4.906,-4.52,6.438,84290,-0.316,-1.474,0.434
84300,-4.694,-4.478,6.394,84300,-0.276,-1.434,0.438
84310,-4.846,-4.144,6.36,84310,-0.23,-1.388,0.47
84320,-4.954,-3.778,6.506,84320,-0.242,-1.282,0.508
84330,-4.822,-3.828,6.236,84330,-0.206,-1.172,0.52
84340,-4.61,-4.18,6.128,84340,-0.138,-1.108,0.526
84350,-4.358,-4.342,6.36,84350,-0.128,-1.066,0.578
84360,-4.2,-4.156,6.304,84360,-0.138,-1.012,0.638
84370,-4.156,-3.984,6.022,84370,-0.058,-0.986,0.69
84380,-4.206,-4.108,6.232,84380,-0.01,-0.892,0.706
84390,-4.282,-4.266,6.556,84390,0.004,-0.828,0.67
84400,-4.276,-4.292,6.48,84400,0.024,-0.802,0.656
84410,-4.126,-4.218,6.69,84410,0.02,-0.776,0.658
84420,-4.032,-4.122,6.516,84420,0.008,-0.8,0.612
84430,-4.066,-4.064,6.414,84430,-0.058,-0.858,0.592
84440,-4.14,-3.916,6.518,84440,-0.166,-0.864,0.62
84450,-4.266,-3.76,6.168,84450,-0.216,-0.846,0.574
84460,-4.452,-3.766,6.168,84460,-0.234,-0.788,0.474
84470,-4.432,-3.672,6.624,84470,-0.286,-0.724,0.42
84480,-4.386,-3.354,6.704,84480,-0.29,-0.712,0.424
84490,-4.318,-3.154,6.852,84490,-0.234,-0.694,0.47
84500,-4.238,-3.304,7.068,84500,-0.146,-0.638,0.508
84510,-4.374,-3.652,7.066,84510,-0.004,-0.622,0.524
84520,-4.628,-4.086,7.328,84520,0.06,-0.604,0.546
84530,-4.71,-4.326,7.63,84530,0.04,-0.552,0.572
84540,-4.562,-4.392,7.33,84540,0.06,-0.498,0.568
84550,-4.436,-4.35,7.494,84550,0.116,-0.414,0.56
84560,-4.364,-4.124,7.76,84560,0.142,-0.34,0.518
84570,-4.316,-3.812,7.72,84570,0.11,-0.288,0.466
84580,-4.212,-3.658,7.714,84580,0.062,-0.286,0.428
84590,-4.168,-3.584,7.704,84590,0.026,-0.328,0.382
84600,-4.276,-3.474,7.716,84600,-0.022,-0.368,0.356
84610,-4.478,-3.32,7.66,84610,-0.058,-0.364,0.356
84620,-4.744,-3.152,7.67,84620,-0.044,-0.348,0.352
84630,-4.774,-3.232,7.798,84630,-0.006,-0.344,0.34
84640,-4.566,-3.446,7.876,84640,0.016,-0.314,0.338
84650,-4.3,-3.674,7.73,84650,0.034,-0.264,0.35
84660,-4.156,-3.91,7.57,84660,0.074,-0.22,0.346
84670,-4.054,-4.14,7.588,84670,0.11,-0.192,0.326
84680,-3.926,-4.216,7.574,84680,0.134,-0.166,0.294
84690,-3.76,-4.182,7.274,84690,0.134,-0.166,0.268
84700,-3.744,-4.212,7.154,84700,0.088,-0.19,0.26
84710,-3.892,-4.076,7.26,84710,0.034,-0.218,0.24
84720,-3.966,-3.956,7.152,84720,0,-0.24,0.198
84730,-4.01,-3.884,7.144,84730,-0.026,-0.248,0.172
84740,-4.058,-3.772,7.27,84740,-0.05,-0.254,0.154
84750,-4.088,-3.624,7.298,84750,-0.042,-0.232,0.138
84760,-3.97,-3.642,7.248,84760,-0.01,-0.204,0.134
84770,-3.902,-3.728,7.314,84770,0.05,-0.192,0.128
84780,-3.876,-3.808,7.544,84780,0.112,-0.172,0.144
84790,-3.79,-3.808,7.544,84790,0.144,-0.156,0.166
84800,-3.81,-3.766,7.48,84800,0.15,-0.136,0.176
84810,-3.874,-3.846,7.684,84810,0.162,-0.128,0.17
84820,-3.998,-3.756,7.898,84820,0.192,-0.126,0.154
84830,-4.036,-3.478,8.034,84830,0.22,-0.116,0.144
84840,-4.072,-3.232,8.074,84840,0.216,-0.124,0.136
84850,-4.108,-3.1,8.144,84850,0.204,-0.124,0.128
84860,-4.046,-3.178,8.196,84860,0.202,-0.124,0.112
84870,-4.016,-3.306,8.23,84870,0.174,-0.142,0.078
84880,-3.99,-3.392,8.29,84880,0.104,-0.152,0.07
84890,-3.98,-3.384,8.374,84890,0.058,-0.15,0.072
84900,-3.984,-3.32,8.35,84900,0.062,-0.152,0.062
84910,-3.914,-3.258,8.474,84910,0.072,-0.154,0.068
84920,-3.818,-3.254,8.57,84920,0.09,-0.152,0.086
84930,-3.74,-3.372,8.476,84930,0.132,-0.138,0.108
84940,-3.706,-3.618,8.45,84940,0.154,-0.128,0.126
84950,-3.626,-3.778,8.556,84950,0.14,-0.128,0.142
84960,-3.482,-3.824,8.51,84960,0.112,-0.132,0.144
84970,-3.332,-3.876,8.508,84970,0.086,-0.142,0.13
84980,-3.236,-3.87,8.48,84980,0.062,-0.178,0.108
84990,-3.186,-3.682,8.424,84990,0.008,-0.23,0.076
85000,-3.178,-3.408,8.312,85000,-0.052,-0.256,0.044
85010,-3.198,-3.356,8.052,85010,-0.096,-0.236,0.03
85020,-3.166,-3.368,7.958,85020,-0.102,-0.176,0.034
85030,-3.062,-3.298,7.978,85030,-0.074,-0.12,0.044
85040,-2.896,-3.3,8.2,85040,-0.038,-0.056,0.054
85050,-2.698,-3.384,8.342,85050,0.02,-0.002,0.076
85060,-2.66,-3.488,8.438,85060,0.096,0.026,0.104
85070,-2.776,-3.492,8.69,85070,0.164,0.036,0.124
85080,-2.952,-3.394,8.772,85080,0.196,0.034,0.126
85090,-3.064,-3.336,8.79,85090,0.188,0.036,0.118
85100,-3.142,-3.334,8.722,85100,0.18,0.03,0.07
85110,-3.16,-3.342,8.698,85110,0.14,0.012,0.01
85120,-3.21,-3.13,8.822,85120,0.052,0.028,-0.022
85130,-3.292,-2.738,8.798,85130,0.024,0.038,-0.034
85140,-3.368,-2.486,8.832,85140,0.06,0.054,-0.04
85150,-3.318,-2.526,9.026,85150,0.1,0.06,-0.042
85160,-3.214,-2.82,8.928,85160,0.136,0.066,-0.016
85170,-3.126,-3.228,8.856,85170,0.156,0.07,-0.002
85180,-3.086,-3.462,8.818,85180,0.176,0.052,-0.02
85190,-3.082,-3.552,8.796,85190,0.152,0.03,-0.03
85200,-3.132,-3.48,8.8,85200,0.106,0.03,-0.028
85210,-3.146,-3.332,8.526,85210,0.096,0.044,-0.038
85220,-3.154,-3.184,8.522,85220,0.118,0.052,-0.036
85230,-3.08,-3.078,8.626,85230,0.122,0.06,-0.026
85240,-2.968,-3.064,8.494,85240,0.132,0.064,-0.016
85250,-2.904,-3.232,8.472,85250,0.16,0.056,-0.006
85260,-2.952,-3.392,8.656,85260,0.18,0.044,-0.004
85270,-3.01,-3.39,8.718,85270,0.184,0.026,-0.004
85280,-3.058,-3.326,8.7,85280,0.182,0.014,0.006
85290,-3.13,-3.31,8.714,85290,0.176,0.008,0.006
85300,-3.19,-3.252,8.768,85300,0.144,0,0.004
85310,-3.104,-3.192,8.796,85310,0.104,-0.004,0.008
85320,-3.026,-3.052,8.706,85320,0.092,-0.01,0.008
85330,-2.976,-2.91,8.65,85330,0.09,-0.024,0.008
85340,-2.928,-2.772,8.62,85340,0.078,-0.028,0.012
85350,-2.916,-2.768,8.526,85350,0.082,-0.02,0.016
85360,-2.93,-2.876,8.436,85360,0.118,-0.008,0.034
85370,-2.898,-2.996,8.49,85370,0.154,0.012,0.044
85380,-2.816,-3.018,8.498,85380,0.152,0.024,0.034
85390,-2.766,-3.042,8.488,85390,0.17,0.034,0.04
85400,-2.772,-3.092,8.57,85400,0.188,0.024,0.042
85410,-2.85,-2.966,8.632,85410,0.174,0.014,0.024
85420,-2.904,-2.842,8.578,85420,0.154,0.014,0.022
85430,-3.07,-2.802,8.63,85430,0.142,0.026,0.022
85440,-3.184,-2.79,8.712,85440,0.138,0.046,0.004
85450,-3.146,-2.754,8.684,85450,0.156,0.078,-0.02
85460,-3.134,-2.682,8.74,85460,0.124,0.1,-0.02
85470,-3.15,-2.642,8.814,85470,-0.03,0.086,-0.044
85480,-3.086,-2.596,8.85,85480,-0.084,0.032,-0.098
85490,-3.018,-2.08,8.764,85490,0.124,0.034,-0.004
85500,-3.404,-1.498,8.734,85500,0.284,0.048,0.056
85510,-3.76,-2.15,8.94,85510,0.278,0.068,0.012
85520,-3.324,-3.588,8.65,85520,0.264,0.096,-0.008
85530,-3.006,-3.926,8.454,85530,0.264,0.096,0
85540,-3.002,-3.124,8.624,85540,0.23,0.064,0.006
85550,-2.91,-2.396,8.566,85550,0.202,0.056,0.01
85560,-3.02,-2.456,8.484,85560,0.21,0.056,-0.024
85570,-3.118,-2.832,8.58,85570,0.238,0.122,-0.076
85580,-2.966,-2.954,8.646,85580,0.214,0.224,-0.082
85590,-2.686,-2.774,8.686,85590,0.158,0.284,-0.032
85600,-2.226,-2.516,8.706,85600,0.176,0.222,-0.018
85610,-2.39,-2.544,8.832,85610,0.204,0.18,-0.012
85620,-3.024,-2.996,9.026,85620,0.168,0.142,0.004
85630,-3.58,-3.148,8.676,85630,0.134,0.102,-0.02
85640,-3.512,-2.766,8.612,85640,0.116,0.082,-0.018
85650,-3.358,-2.514,8.768,85650,0.102,0.05,0.004
85660,-3.506,-2.624,8.838,85660,0.108,0.002,0.004
85670,-3.608,-2.494,8.986,85670,0.112,-0.034,0.03
85680,-3.4,-2.412,8.9,85680,0.134,-0.056,0.08
85690,-3.324,-2.684,8.936,85690,0.158,-0.07,0.144
85700,-3.484,-2.804,8.886,85700,0.174,-0.098,0.18
85710,-3.564,-2.812,8.918,85710,0.16,-0.022,0.204
85720,-3.334,-2.98,8.958,85720,0.136,-0.014,0.162
85730,-3.004,-2.858,8.872,85730,0.176,-0.208,0.042
85740,-2.718,-2.69,8.984,85740,0.184,-0.308,0.102
85750,-2.842,-2.804,9.128,85750,0.15,-0.284,0.256
85760,-3.724,-2.83,8.39,85760,0.11,-0.29,0.368
85770,-3.682,-2.874,8.438,85770,0.054,-0.168,0.492
85780,-3.396,-2.554,8.906,85780,0.026,0.002,0.552
85790,-3.426,-2.022,9.052,85790,0.038,-0.026,0.442
85800,-2.82,-2.032,9.246,85800,0.098,-0.15,0.268
85810,-2.314,-2.304,9.362,85810,0.156,-0.23,0.178
85820,-3.002,-2.498,9.016,85820,0.188,-0.28,0.152
85830,-3.602,-2.748,8.81,85830,0.182,-0.326,0.254
85840,-3.21,-2.534,8.722,85840,0.184,-0.306,0.402
85850,-2.832,-2.252,8.83,85850,0.204,-0.35,0.362
85860,-2.546,-2.108,8.966,85860,0.19,-0.456,0.25
85870,-2.858,-2.196,9.03,85870,0.182,-0.532,0.226
85880,-3.932,-2.152,8.92,85880,0.214,-0.634,0.194
85890,-4.168,-1.798,8.978,85890,0.27,-0.764,0.136
85900,-3.33,-1.754,9.208,85900,0.304,-0.796,0.086
85910,-2.942,-1.988,9.146,85910,0.296,-0.72,0.124
85920,-3.47,-2.266,9.178,85920,0.302,-0.578,0.23
85930,-3.832,-2.214,9.34,85930,0.34,-0.442,0.362
85940,-3.252,-1.718,9.202,85940,0.432,-0.314,0.444
85950,-2.758,-1.748,9.104,85950,0.324,-0.156,0.314
85960,-2.014,-2.08,9.168,85960,0.234,-0.072,0.044
85970,-2.072,-1.448,9.142,85970,0.24,-0.132,-0.124
85980,-1.842,-2.134,8.958,85980,0.3,-0.232,-0.18
85990,-0.998,-2.14,9.396,85990,0.428,-0.324,-0.268
86000,-1.592,-2.054,8.958,86000,0.46,-0.474,-0.398
86010,-1.44,-2.302,8.856,86010,0.384,-0.648,-0.528
86020,-1.998,-2.188,9.074,86020,0.36,-0.782,-0.538
86030,-2.632,-1.882,9,86030,0.346,-0.744,-0.46
86040,-3.062,-2.024,8.86,86040,0.328,-0.636,-0.36
86050,-2.32,-1.908,9.016,86050,0.31,-0.496,-0.296
86060,-1.84,-1.362,9.33,86060,0.324,-0.398,-0.188
86070,-1.628,-1.246,9.416,86070,0.384,-0.396,-0.038
86080,-1.338,-1.308,9.464,86080,0.412,-0.332,0.092
86090,-1.474,-1.396,9.36,86090,0.4,-0.142,0.168
86100,-1.888,-1.456,9.798,86100,0.31,0.108,0.166
86110,-1.766,-1.464,9.702,86110,0.224,0.32,0.094
86120,-1.774,-1.464,9.544,86120,0.262,0.24,0.068
86130,-2.41,-1.454,9.342,86130,0.306,0.082,0.072
86140,-2.816,-1.85,9.328,86140,0.326,0.004,0.106
86150,-1.976,-2.038,9.644,86150,0.34,-0.02,0.208
86160,-1.242,-1.98,9.676,86160,0.376,-0.034,0.3
86170,-1.582,-1.692,9.48,86170,0.392,-0.036,0.362
86180,-1.842,-1.568,9.57,86180,0.35,0.046,0.448
86190,-1.634,-1.558,9.608,86190,0.29,0.282,0.502
86200,-1.786,-1.59,9.766,86200,0.24,0.64,0.552
86210,-1.932,-1.582,9.616,86210,0.236,0.822,0.556
86220,-1.758,-1.438,9.446,86220,0.18,0.948,0.462
86230,-1.346,-1.058,9.268,86230,0.156,1.116,0.302
86240,-0.904,-0.778,9.074,86240,0.066,1.208,0.266
86250,-0.928,-0.762,9.504,86250,-0.052,1.224,0.29
86260,-1.932,-0.946,9.368,86260,-0.168,1.208,0.318
86270,-2.254,-0.666,9.322,86270,-0.33,1.082,0.304
86280,-2.756,-0.642,9.39,86280,-0.444,0.844,0.17
86290,-3.152,-0.768,9.626,86290,-0.586,0.604,-0.066
86300,-3.268,-0.992,9.714,86300,-0.81,0.488,-0.254
86310,-3.472,-1.154,9.642,86310,-0.98,0.508,-0.254
86320,-3.234,-1.108,9.478,86320,-1.166,0.676,-0.23
86330,-2.964,-0.974,9.348,86330,-1.358,0.53,-0.442
86340,-2.954,-0.846,8.93,86340,-1.348,0.404,-0.858
86350,-3.386,-0.42,9.064,86350,-0.924,0.09,-1.38
86360,-2.656,-1.756,9.39,86360,-0.608,-0.226,-1.408
86370,-2.214,-1.7,9.138,86370,-0.424,-0.47,-1.1
86380,-3.214,0.51,8.278,86380,0.038,-0.502,-0.922
86390,-4.656,-2.282,8.192,86390,0.316,-0.246,-0.768
86400,-3.974,-4.35,8.182,86400,0.146,0.048,-0.514
86410,-2.936,-4.058,7.904,86410,0.064,0.236,-0.296
86420,-2.204,-3.02,8.716,86420,0.096,0.252,-0.136
86430,-2.04,-2.332,9.722,86430,0.046,0.174,-0.044
86440,-2.758,-2.326,9.336,86440,-0.008,0.094,-0.016
86450,-3.336,-2.436,8.76,86450,-0.008,0.018,0.008
86460,-3.536,-2.346,8.622,86460,-0.026,-0.014,0.07
86470,-3.61,-2.158,8.618,86470,-0.038,-0.006,0.144
86480,-3.544,-2.084,8.592,86480,-0.022,-0.024,0.168
86490,-3.222,-2.22,8.798,86490,-0.022,-0.116,0.208
86500,-2.914,-2.192,8.984,86500,0.062,-0.306,0.466
86510,-3.158,-1.994,9.048,86510,0.246,-0.202,0.714
86520,-3.822,-2.036,9.026,86520,0.206,-0.086,0.666
86530,-3.896,-2.57,8.764,86530,0.11,-0.142,0.632
86540,-2.4,-2.838,8.716,86540,0.16,-0.182,0.578
86550,-2.45,-1.054,9.656,86550,0.188,-0.218,0.4
86560,-3.096,-1.234,9.47,86560,0.19,-0.32,0.222
86570,-3.094,-1.706,9.056,86570,0.222,-0.282,0.054
86580,-2.878,-1.744,9.006,86580,0.254,-0.22,0.006
86590,-2.472,-2.22,9.286,86590,0.202,-0.156,-0.018
86600,-2.24,-1.832,9.294,86600,0.15,-0.14,0.014
86610,-1.94,-1.438,8.942,86610,0.196,-0.102,0.098
86620,-2.924,-1.564,8.892,86620,0.196,-0.014,0.138
86630,-3.984,-1.666,8.824,86630,0.154,0.004,0.14
86640,-3.444,-1.768,8.928,86640,0.174,-0.18,0.12
86650,-2.704,-1.83,8.94,86650,0.166,-0.324,0.16
86660,-2.334,-2.022,8.604,86660,0.214,-0.344,0.306
86670,-3.024,-2.348,8.972,86670,0.262,-0.376,0.486
86680,-3.468,-2.046,9.122,86680,0.298,-0.384,0.626
86690,-3.14,-1.67,9.03,86690,0.296,-0.306,0.684
86700,-2.914,-1.392,9.348,86700,0.28,-0.322,0.682
86710,-2.656,-1.26,9.48,86710,0.272,-0.576,0.63
86720,-2.168,-1.462,9.568,86720,0.308,-0.94,0.506
86730,-2.116,-1.55,9.48,86730,0.35,-0.93,0.38
86740,-2.116,-1.844,9.67,86740,0.392,-0.62,0.434
86750,-1.87,-2.022,9.73,86750,0.288,-0.256,0.508
86760,-1.942,-1.908,9.846,86760,0.102,0.21,0.528
86770,-2.412,-1.156,9.26,86770,0.07,0.448,0.44
86780,-2.606,-0.978,9.414,86780,0.014,0.468,0.028
86790,-2.918,-0.678,9.126,86790,0.202,0.084,-0.502
86800,-2.834,-0.662,9.228,86800,0.322,-0.234,-0.502
86810,-3.228,-1.03,9.886,86810,0.232,-0.168,-0.316
86820,-4.824,-2.006,8.842,86820,0.182,0.086,-0.136
86830,-2.942,-2.606,9.042,86830,0.108,0.108,-0.264
86840,-0.918,-2.682,9.448,86840,-0.036,0.17,-0.384
86850,0.556,-2.11,8.566,86850,-0.276,0.164,-0.35
86860,-1.604,-1.622,8.564,86860,-0.37,-0.16,-0.102
86870,-2.912,-1.026,9.182,86870,-0.294,-0.37,0.122
86880,-2.658,-2.182,8.53,86880,-0.186,-0.498,0.192
86890,-1.74,-1.296,9.506,86890,-0.126,-0.436,0.17
86900,-1.824,-0.638,9.926,86900,-0.014,-0.036,0.254
86910,-2.25,-0.652,9.804,86910,0.102,0.15,0.112
86920,-2.41,-0.654,9.512,86920,0.082,0.196,-0.134
86930,-2.056,-0.642,9.278,86930,0.116,0.47,-0.158
86940,-2.432,-0.77,9.356,86940,0.104,0.476,-0.15
86950,-3.234,-1.698,9.464,86950,0.152,0.224,-0.122
86960,-2.206,-1.64,9.23,86960,0.188,-0.022,-0.054
86970,-2.21,-1.852,9.196,86970,0.192,-0.128,0.05
86980,-2.148,-1.568,9.61,86980,0.2,-0.108,0.12
86990,-2.036,-1.36,9.448,86990,0.18,-0.138,0.22
87000,-2.288,-1.226,9.444,87000,0.15,-0.196,0.33
